(14, 4): 1
(14, 5): 1
(15, 5): 1
(15, 4): 1
(14, 3): 1
(13, 3): 1
(13, 2): 1
(12, 2): 1
(11, 2): 1
(10, 2): 1
(10, 3): 1
(9, 3): 1
(8, 4): 1
(8, 3): 1
(8, 5): 1
(9, 5): 1
(10, 5): 1
(11, 5): 1
(8, 6): 1
(8, 7): 1
(8, 8): 1
(8, 9): 1
(8, 10): 1
(9, 10): 1
(9, 11): 1
(10, 11): 1
(11, 11): 1
(12, 11): 1
(13, 11): 1
(15, 11): 1
(16, 11): 1
(17, 11): 1
(18, 11): 1
(19, 11): 1
(19, 10): 1
(20, 10): 1
(20, 9): 1
(20, 8): 1
(20, 7): 1
(20, 6): 1
(20, 5): 1
(20, 4): 1
(20, 3): 1
(20, 2): 1
(19, 2): 1
(18, 2): 1
(17, 2): 1
(11, 9): 1
(11, 8): 1
(12, 8): 1
(12, 9): 1
(20, 11): 1
(8, 11): 1
(16, 4): 1
(17, 4): 1
(17, 3): 1
(14, 11): 1
(17, 3): 1