(19, 10): 12
(18, 10): 12
(17, 10): 12
(16, 10): 12
(15, 10): 12
(14, 10): 12
(13, 10): 12
(12, 10): 12
(11, 10): 12
(10, 10): 12
(9, 10): 13
(9, 3): 13
(10, 3): 13
(11, 3): 13
(12, 3): 13
(13, 3): 13
(17, 4): 13
(18, 4): 12
(19, 9): 12
(19, 8): 12
(19, 7): 12
(19, 6): 12
(19, 5): 12
(19, 4): 12
(19, 3): 13
(18, 3): 13
(13, 4): 12
(12, 4): 12
(12, 5): 12
(11, 5): 12
(10, 5): 12
(9, 5): 13
(9, 9): 13
(10, 9): 12
(11, 9): 12
(12, 9): 12
(13, 9): 12
(14, 9): 12
(15, 9): 12
(16, 9): 12
(17, 9): 12
(18, 9): 12
(18, 8): 12
(18, 7): 12
(18, 6): 12
(18, 5): 12
(17, 3): 13
(16, 3): 13
(11, 4): 12
(10, 4): 12
(9, 4): 13
(9, 7): 13
(9, 8): 13
(10, 8): 12
(10, 7): 12
(11, 7): 12
(12, 7): 12
(13, 7): 12
(14, 7): 12
(14, 8): 12
(15, 8): 12
(16, 8): 12
(17, 8): 12
(11, 8): 12
(12, 6): 12
(11, 6): 15
(10, 6): 15
(13, 6): 12
(14, 6): 12
(15, 6): 12
(15, 7): 12
(13, 8): 12
(12, 8): 12
(13, 5): 12
(14, 5): 12
(15, 5): 13
(16, 5): 14
(17, 5): 12
(17, 6): 12
(17, 7): 12
(16, 7): 12
(16, 6): 12
(9, 6): 13
(9, 2): 2
(10, 2): 2
(11, 2): 2
(12, 2): 2
(13, 2): 2
(16, 2): 2
(17, 2): 2
(18, 2): 2
(19, 2): 2
(14, 4): 2
(15, 4): 2
(16, 4): 13
