(8, 4): 110
(8, 5): 13
(9, 5): 13
(10, 5): 13
(11, 5): 13
(12, 5): 13
(13, 6): 12
(14, 6): 12
(15, 6): 12
(16, 5): 13
(17, 5): 12
(17, 6): 12
(17, 7): 12
(17, 8): 12
(17, 9): 12
(16, 9): 12
(15, 9): 12
(14, 9): 12
(13, 9): 12
(12, 9): 12
(11, 9): 12
(10, 9): 12
(10, 8): 12
(9, 8): 12
(9, 7): 12
(8, 7): 13
(8, 6): 13
(8, 8): 13
(8, 9): 13
(9, 9): 12
(10, 7): 12
(10, 6): 12
(9, 6): 12
(11, 6): 12
(13, 5): 13
(14, 5): 13
(15, 5): 13
(16, 6): 12
(16, 7): 12
(16, 8): 12
(15, 8): 12
(14, 8): 12
(13, 8): 12
(12, 8): 12
(11, 8): 12
(11, 7): 12
(12, 6): 12
(13, 7): 12
(14, 7): 12
(15, 7): 12
(12, 7): 12
(17, 10): 12
(17, 11): 12
(16, 11): 12
(15, 11): 12
(14, 11): 12
(13, 11): 12
(12, 11): 12
(11, 11): 12
(10, 11): 12
(9, 11): 12
(8, 11): 13
(8, 10): 13
(9, 10): 12
(10, 10): 12
(11, 10): 12
(12, 10): 12
(13, 10): 12
(14, 10): 12
(15, 10): 12
(16, 10): 12
