(5, 13): 12
(6, 13): 12
(7, 13): 12
(8, 13): 12
(10, 13): 12
(9, 13): 12
(11, 13): 12
(12, 13): 12
(13, 13): 12
(14, 13): 12
(15, 13): 12
(16, 13): 12
(17, 13): 12
(18, 13): 12
(19, 13): 13
(4, 13): 11
(19, 12): 10
(4, 12): 8
(4, 11): 5
(19, 11): 7
(5, 11): 6
(6, 11): 6
(7, 11): 6
(8, 11): 6
(9, 11): 6
(10, 11): 17
(11, 11): 9
(12, 11): 9
(13, 11): 16
(14, 11): 6
(15, 11): 6
(16, 11): 6
(17, 11): 6
(18, 11): 6
(18, 12): 9
(17, 12): 9
(16, 12): 9
(15, 12): 9
(14, 12): 9
(13, 12): 9
(12, 12): 9
(11, 12): 9
(10, 12): 9
(9, 12): 9
(8, 12): 9
(7, 12): 9
(6, 12): 9
(5, 12): 9
(10, 10): 8
(10, 9): 8
(10, 8): 8
(10, 7): 8
(10, 6): 8
(10, 5): 8
(10, 4): 8
(13, 10): 10
(13, 9): 10
(13, 8): 10
(13, 7): 10
(13, 6): 10
(13, 5): 10
(13, 4): 10
(11, 10): 9
(11, 9): 9
(11, 8): 9
(11, 7): 9
(11, 6): 9
(11, 5): 9
(11, 4): 9
(12, 4): 9
(12, 5): 9
(12, 6): 9
(12, 7): 9
(12, 8): 9
(12, 9): 9
(12, 10): 9
(13, 3): 14
(10, 3): 15
(12, 3): 9
(11, 3): 9
(10, 2): 9
(9, 2): 9
(8, 2): 9
(7, 2): 9
(6, 2): 9
(5, 2): 9
(12, 2): 9
(13, 2): 9
(14, 2): 9
(11, 2): 9
(15, 2): 9
(16, 2): 9
(17, 2): 9
(14, 3): 12
(15, 3): 12
(16, 3): 12
(17, 3): 12
(18, 3): 12
(5, 3): 12
(6, 3): 12
(7, 3): 12
(8, 3): 12
(9, 3): 12
(4, 3): 11
(19, 3): 13
(4, 2): 8
(4, 1): 5
(19, 2): 10
(19, 1): 7
(18, 2): 9
(18, 1): 6
(17, 1): 6
(16, 1): 6
(15, 1): 6
(14, 1): 6
(13, 1): 16
(12, 1): 9
(11, 1): 9
(10, 1): 17
(9, 1): 6
(8, 1): 6
(7, 1): 6
(6, 1): 6
(5, 1): 6
(10, 0): 8
(10, -1): 8
(10, -2): 8
(10, -3): 8
(10, -4): 8
(10, -5): 8
(10, -6): 8
(10, -7): 8
(10, -8): 8
(10, -9): 8
(10, -10): 5
(11, -10): 6
(12, -10): 6
(12, -9): 9
(12, -8): 9
(12, -7): 9
(12, -6): 9
(12, -5): 9
(12, -4): 9
(12, -3): 9
(12, -2): 9
(13, 0): 10
(13, -1): 10
(13, -2): 10
(13, -3): 10
(13, -4): 10
(13, -5): 10
(13, -6): 10
(13, -7): 10
(13, -8): 10
(13, -9): 10
(13, -10): 7
(11, -9): 9
(11, -8): 9
(11, -6): 9
(11, -7): 9
(11, -5): 9
(11, -4): 9
(12, -1): 9
(11, -1): 9
(11, 0): 9
(12, 0): 9
(11, -2): 9
(11, -3): 9
(11, -14): 12
(12, -14): 12
(13, -14): 13
(10, -14): 11
(10, -15): 8
(10, -16): 8
(10, -17): 8
(10, -18): 8
(10, -19): 8
(10, -20): 8
(10, -21): 15
(9, -21): 12
(8, -21): 12
(7, -21): 12
(6, -21): 11
(6, -22): 8
(6, -23): 5
(8, -23): 6
(7, -23): 6
(9, -23): 6
(10, -23): 6
(11, -23): 6
(12, -23): 6
(13, -23): 6
(14, -23): 7
(14, -22): 10
(14, -21): 13
(13, -21): 14
(13, -20): 10
(13, -19): 10
(12, -18): 9
(12, -17): 9
(12, -16): 9
(13, -16): 10
(13, -15): 10
(13, -17): 10
(13, -18): 10
(12, -15): 9
(12, -19): 9
(12, -20): 9
(12, -21): 9
(12, -22): 9
(13, -22): 9
(11, -22): 9
(10, -22): 9
(9, -22): 9
(8, -22): 9
(7, -22): 9
(11, -21): 9
(11, -20): 9
(11, -19): 9
(11, -18): 9
(11, -17): 9
(11, -16): 9
(11, -15): 9
(5, -25): 54
(6, -25): 54
(7, -25): 54
(8, -25): 54
(9, -25): 54
(10, -25): 54
(11, -25): 54
(12, -25): 54
(13, -25): 54
(14, -25): 54
(15, -25): 54
(16, -25): 54
(17, -25): 54
(18, -25): 54
(19, -25): 54
(20, -25): 54
(21, -25): 54
(22, -25): 54
(23, -25): 54
(24, -25): 54
(26, -25): 54
(25, -25): 54
(27, -25): 55
(4, -25): 53
(-1, -25): 55
(-2, -25): 54
(-3, -25): 54
(-4, -25): 54
(-5, -25): 54
(-6, -25): 54
(-7, -25): 54
(-8, -25): 53
(-11, -25): 55
(-12, -25): 54
(-13, -25): 54
(-14, -25): 54
(-15, -25): 54
(-16, -25): 62
(-16, -26): 57
(-16, -27): 57
(-16, -28): 57
(-16, -29): 57
(-16, -30): 56
(-19, -30): 13
(-20, -30): 11
(-19, -31): 7
(-20, -31): 5
(27, -23): 5
(27, -21): 11
(28, -23): 6
(29, -23): 6
(30, -23): 6
(31, -23): 6
(32, -23): 17
(32, -24): 8
(32, -25): 8
(32, -26): 15
(30, -26): 12
(31, -26): 12
(29, -26): 12
(28, -26): 12
(27, -26): 12
(26, -26): 12
(25, -26): 12
(24, -26): 11
(24, -27): 8
(24, -28): 5
(25, -28): 6
(26, -28): 6
(27, -28): 6
(28, -28): 6
(29, -28): 6
(30, -28): 6
(31, -28): 6
(32, -28): 6
(33, -28): 6
(34, -28): 7
(34, -27): 10
(34, -26): 10
(34, -25): 10
(34, -24): 10
(34, -23): 16
(33, -23): 9
(33, -24): 9
(33, -25): 9
(33, -26): 9
(33, -27): 9
(32, -27): 9
(31, -27): 9
(30, -27): 9
(29, -27): 9
(28, -27): 9
(27, -27): 9
(26, -27): 9
(25, -27): 9
(28, -22): 9
(29, -22): 9
(30, -22): 9
(31, -22): 9
(32, -22): 9
(33, -22): 9
(27, -22): 8
(28, -21): 12
(29, -21): 12
(30, -21): 12
(31, -21): 12
(32, -21): 12
(33, -21): 12
(34, -21): 12
(35, -23): 6
(36, -23): 6
(37, -23): 6
(38, -23): 6
(39, -23): 6
(40, -23): 6
(41, -23): 6
(42, -23): 6
(43, -23): 6
(44, -23): 6
(45, -23): 6
(46, -23): 6
(47, -23): 6
(48, -23): 6
(49, -23): 6
(50, -23): 17
(50, -24): 8
(50, -25): 8
(50, -26): 5
(51, -26): 6
(52, -26): 7
(52, -25): 10
(52, -24): 10
(52, -23): 10
(52, -22): 10
(52, -21): 13
(51, -21): 12
(50, -21): 12
(49, -21): 12
(47, -21): 12
(46, -21): 12
(45, -21): 12
(44, -21): 12
(43, -21): 12
(42, -21): 12
(41, -21): 12
(40, -21): 12
(39, -21): 12
(38, -21): 12
(37, -21): 12
(36, -21): 12
(35, -21): 12
(48, -21): 12
(51, -25): 9
(51, -24): 9
(51, -23): 9
(51, -22): 9
(50, -22): 9
(49, -22): 9
(48, -22): 9
(47, -22): 9
(46, -22): 9
(45, -22): 9
(44, -22): 9
(43, -22): 9
(42, -22): 9
(41, -22): 9
(40, -22): 9
(39, -22): 9
(38, -22): 9
(37, -22): 9
(36, -22): 9
(35, -22): 9
(34, -22): 9
(49, -28): 53
(51, -28): 54
(50, -28): 54
(52, -28): 54
(53, -28): 55
(51, -29): 12
(52, -29): 13
(52, -30): 14
(50, -29): 11
(50, -30): 8
(50, -31): 8
(50, -32): 5
(51, -32): 6
(52, -32): 6
(53, -32): 6
(54, -32): 6
(56, -32): 6
(55, -32): 6
(57, -32): 7
(57, -30): 13
(57, -31): 10
(56, -30): 12
(55, -30): 12
(54, -30): 12
(53, -30): 12
(56, -31): 9
(55, -31): 9
(54, -31): 9
(53, -31): 9
(52, -31): 9
(51, -31): 9
(51, -30): 9
(63, -31): 8
(63, -32): 5
(65, -32): 6
(64, -32): 6
(66, -32): 6
(67, -32): 17
(67, -33): 5
(69, -33): 7
(68, -33): 6
(69, -32): 16
(64, -30): 12
(65, -30): 12
(66, -30): 12
(67, -30): 12
(68, -30): 12
(69, -30): 12
(70, -30): 12
(63, -30): 11
(64, -31): 9
(65, -31): 9
(66, -31): 9
(67, -31): 9
(68, -31): 9
(68, -32): 9
(69, -31): 9
(70, -32): 6
(71, -32): 6
(72, -32): 6
(73, -32): 6
(74, -32): 6
(75, -32): 6
(76, -32): 6
(77, -32): 6
(78, -32): 6
(79, -32): 6
(80, -32): 6
(81, -32): 6
(82, -32): 17
(82, -33): 8
(82, -34): 8
(82, -35): 8
(82, -36): 8
(82, -37): 8
(82, -38): 5
(83, -38): 6
(84, -38): 7
(84, -37): 10
(84, -36): 10
(84, -35): 10
(84, -34): 10
(84, -33): 10
(84, -32): 16
(86, -32): 6
(85, -32): 6
(87, -32): 6
(88, -32): 6
(89, -32): 7
(89, -31): 10
(89, -30): 13
(88, -30): 12
(87, -30): 12
(86, -30): 12
(85, -30): 12
(84, -30): 12
(83, -30): 12
(82, -30): 12
(81, -30): 12
(80, -30): 12
(79, -30): 12
(78, -30): 12
(77, -30): 12
(71, -30): 15
(71, -29): 8
(73, -29): 10
(73, -30): 14
(76, -30): 12
(75, -30): 12
(74, -30): 12
(73, -28): 10
(73, -27): 10
(73, -26): 10
(73, -25): 10
(73, -24): 10
(73, -23): 10
(73, -22): 10
(73, -21): 10
(71, -28): 8
(71, -27): 8
(71, -26): 8
(71, -25): 8
(71, -24): 8
(71, -23): 8
(71, -22): 8
(71, -21): 8
(73, -20): 16
(71, -20): 17
(70, -20): 6
(69, -20): 6
(68, -20): 6
(67, -20): 6
(74, -20): 6
(75, -20): 6
(76, -20): 6
(77, -20): 6
(78, -20): 6
(79, -20): 7
(66, -20): 5
(79, -19): 10
(79, -18): 13
(66, -18): 11
(66, -19): 8
(67, -18): 12
(68, -18): 12
(69, -18): 12
(70, -18): 12
(71, -18): 12
(72, -18): 12
(73, -18): 12
(74, -18): 12
(75, -18): 12
(76, -18): 12
(77, -18): 12
(78, -18): 12
(67, -19): 9
(68, -19): 9
(69, -19): 9
(70, -19): 9
(71, -19): 9
(72, -19): 9
(73, -19): 9
(74, -19): 9
(75, -19): 9
(76, -19): 9
(77, -19): 9
(78, -19): 9
(72, -20): 9
(72, -21): 9
(72, -22): 9
(72, -23): 9
(72, -24): 9
(72, -25): 9
(72, -26): 9
(72, -27): 9
(72, -28): 9
(72, -29): 9
(72, -30): 9
(70, -31): 9
(71, -31): 9
(72, -31): 9
(73, -31): 9
(74, -31): 9
(75, -31): 9
(76, -31): 9
(77, -31): 9
(78, -31): 9
(79, -31): 9
(80, -31): 9
(81, -31): 9
(82, -31): 9
(83, -31): 9
(83, -32): 9
(83, -33): 9
(83, -34): 9
(83, -35): 9
(83, -36): 9
(83, -37): 9
(84, -31): 9
(85, -31): 9
(86, -31): 9
(87, -31): 9
(88, -31): 9
(66, -17): 81
(67, -17): 81
(68, -17): 81
(69, -17): 81
(70, -17): 81
(71, -17): 81
(72, -17): 81
(73, -17): 81
(74, -17): 81
(75, -17): 81
(76, -17): 81
(77, -17): 81
(78, -17): 81
(79, -17): 81
(69, 3): 130
(70, 3): 131
(69, 4): 132
(70, 4): 133
(68, 6): 133
(68, 8): 133
(68, 10): 133
(67, 10): 132
(67, 8): 132
(67, 6): 132
(68, 5): 131
(68, 7): 131
(68, 9): 131
(67, 5): 130
(67, 7): 130
(67, 9): 130
(80, 3): 130
(81, 3): 131
(80, 4): 132
(81, 4): 133
(82, 5): 130
(82, 7): 130
(83, 5): 131
(83, 7): 131
(82, 6): 132
(82, 8): 132
(83, 6): 133
(83, 8): 133
(80, 9): 130
(81, 9): 131
(80, 10): 132
(81, 10): 133
(70, 11): 133
(69, 11): 132
(69, 10): 130
(70, 10): 131
(79, 11): 131
(78, 11): 130
(79, 12): 133
(78, 12): 132
(67, 12): 130
(68, 12): 131
(67, 13): 132
(68, 13): 133
(66, 14): 130
(67, 14): 131
(66, 15): 132
(67, 15): 133
(67, 17): 133
(67, 19): 133
(67, 21): 133
(66, 21): 132
(66, 19): 132
(66, 18): 130
(66, 17): 132
(66, 16): 130
(66, 20): 130
(67, 16): 131
(67, 18): 131
(67, 20): 131
(70, 15): 130
(71, 15): 131
(70, 16): 132
(71, 16): 133
(72, 17): 130
(73, 17): 131
(72, 18): 132
(73, 18): 133
(80, 13): 130
(81, 13): 131
(80, 14): 132
(81, 14): 133
(82, 14): 130
(83, 14): 131
(82, 15): 132
(83, 15): 133
(83, 17): 133
(83, 19): 133
(83, 21): 133
(82, 21): 132
(82, 19): 132
(82, 17): 132
(82, 16): 130
(82, 18): 130
(82, 20): 130
(83, 16): 131
(83, 18): 131
(83, 20): 131
(69, 22): 131
(71, 22): 131
(73, 22): 131
(75, 22): 131
(77, 22): 131
(79, 22): 131
(81, 22): 131
(80, 22): 130
(78, 22): 130
(76, 22): 130
(74, 22): 130
(72, 22): 130
(70, 22): 130
(68, 22): 130
(68, 23): 132
(70, 23): 132
(72, 23): 132
(74, 23): 132
(76, 23): 132
(78, 23): 132
(80, 23): 132
(81, 23): 133
(79, 23): 133
(77, 23): 133
(75, 23): 133
(73, 23): 133
(71, 23): 133
(69, 23): 133
(-20, -34): 126
(-19, -34): 127
(-20, -33): 128
(-19, -33): 129
