(16, 16): 46
(17, 16): 46
(18, 16): 46
(19, 16): 46
(20, 16): 46
(21, 16): 46
(22, 16): 46
(22, 15): 46
(22, 14): 46
(22, 13): 46
(22, 12): 46
(22, 11): 46
(22, 10): 46
(22, 9): 46
(22, 8): 46
(22, 7): 46
(22, 6): 46
(22, 5): 46
(22, 4): 46
(22, 3): 46
(22, 2): 46
(22, 1): 46
(22, 0): 46
(22, -1): 46
(22, -2): 46
(22, -3): 46
(22, -4): 46
(22, -5): 46
(22, -6): 46
(22, -7): 46
(22, -8): 46
(22, -9): 46
(21, -9): 46
(20, -9): 46
(19, -9): 46
(18, -9): 46
(17, -9): 46
(16, -9): 46
(16, -10): 46
(16, -11): 46
(16, -12): 46
(16, -13): 46
(15, -13): 46
(14, -13): 46
(9, -13): 46
(8, -13): 46
(7, -13): 46
(7, -12): 46
(7, -11): 46
(7, -10): 46
(7, -9): 46
(6, -9): 46
(5, -9): 46
(4, -9): 46
(3, -9): 46
(2, -9): 46
(1, -9): 46
(1, -8): 46
(1, -7): 46
(1, -6): 46
(1, -5): 46
(1, -4): 46
(1, -3): 46
(1, -2): 46
(1, -1): 46
(1, 0): 46
(1, 1): 46
(1, 2): 46
(1, 3): 46
(1, 4): 46
(1, 5): 46
(1, 6): 46
(1, 7): 46
(1, 8): 46
(1, 9): 46
(1, 10): 46
(1, 11): 46
(1, 12): 46
(1, 13): 46
(1, 14): 46
(1, 15): 46
(1, 16): 46
(2, 16): 46
(3, 16): 46
(4, 16): 46
(5, 16): 46
(6, 16): 46
(7, 16): 46
(8, 16): 46
(8, 15): 46
(9, 15): 46
(10, 15): 46
(11, 15): 46
(12, 15): 46
(13, 15): 46
(14, 15): 46
(15, 15): 46
(15, 16): 46
(14, 9): 46
(12, 2): 46
(9, -1): 46
(9, -14): 46
(9, -15): 46
(9, -16): 46
(9, -17): 46
(3, -19): 46
(9, -18): 46
(8, -18): 46
(7, -18): 46
(6, -18): 46
(5, -18): 46
(4, -18): 46
(3, -18): 46
(3, -20): 46
(2, -20): 46
(8, -1): 46
(19, 9): 46
(19, 8): 46
(19, 7): 46
(19, 6): 46
(15, 6): 46
(15, 7): 46
(15, 8): 46
(15, 9): 46
(16, 9): 46
(17, 9): 46
(18, 9): 46
(8, 9): 46
(8, 8): 46
(8, 7): 0
(5, 7): 46
(5, 8): 46
(5, 9): 46
(6, 9): 46
(7, 9): 46
(15, -1): 46
(15, -2): 46
(15, -3): 46
(18, -3): 46
(18, -2): 46
(18, -1): 46
(17, -1): 46
(16, -1): 46
(4, -1): 46
(5, -1): 46
(6, -1): 46
(7, -1): 46
(8, -2): 46
(8, -3): 46
(8, -4): 46
(4, -4): 46
(4, -3): 46
(4, -2): 46
(1, -20): 46
(0, -20): 46
(-1, -20): 46
(-2, -20): 46
(-3, -20): 46
(-4, -20): 46
(-5, -20): 46
(-6, -20): 46
(-7, -20): 46
(-8, -20): 46
(-9, -20): 46
(-10, -20): 46
(-11, -20): 46
(-12, -20): 46
(-13, -20): 46
(-14, -20): 46
(-15, -20): 46
(-16, -20): 46
(-17, -20): 46
(-18, -20): 46
(-19, -20): 46
(-19, -21): 46
(-19, -22): 46
(-20, -22): 46
(-21, -22): 46
(-21, -23): 46
(-21, -24): 46
(-22, -24): 46
(-23, -24): 46
(-23, -25): 46
(-23, -26): 46
(-23, -27): 46
(-23, -28): 46
(-23, -29): 46
(-23, -30): 46
(-23, -31): 46
(-22, -31): 46
(-21, -31): 46
(-21, -30): 46
(-21, -32): 46
(-21, -33): 46
(-21, -34): 46
(-21, -35): 46
(-20, -35): 46
(-19, -35): 46
(-18, -35): 46
(-18, -34): 46
(-18, -33): 46
(-18, -32): 46
(-18, -31): 46
(-17, -31): 46
(-16, -31): 46
(-15, -31): 46
(-14, -31): 46
(-13, -31): 46
(-12, -31): 46
(-11, -31): 46
(-10, -31): 46
(-9, -31): 46
(-8, -31): 46
(-7, -31): 46
(-6, -31): 46
(-5, -31): 46
(-4, -31): 46
(-3, -31): 46
(-2, -31): 46
(-1, -31): 46
(0, -31): 46
(0, -30): 46
(0, -29): 46
(1, -29): 46
(2, -29): 46
(3, -29): 46
(3, -30): 46
(3, -31): 46
(4, -31): 46
(5, -31): 46
(6, -31): 46
(7, -31): 46
(8, -31): 46
(9, -31): 46
(10, -31): 46
(11, -31): 46
(12, -31): 46
(13, -31): 46
(14, -31): 46
(14, -30): 46
(14, -29): 46
(15, -29): 46
(16, -29): 46
(17, -29): 46
(18, -29): 46
(19, -29): 46
(19, -30): 46
(19, -31): 46
(20, -31): 46
(21, -31): 46
(22, -30): 46
(22, -29): 46
(23, -29): 46
(23, -30): 46
(24, -31): 46
(25, -31): 46
(26, -31): 46
(27, -31): 46
(28, -31): 46
(28, -30): 46
(28, -29): 46
(29, -29): 46
(29, -30): 46
(29, -31): 46
(30, -31): 46
(31, -31): 46
(22, -31): 46
(23, -31): 46
(32, -31): 46
(32, -30): 46
(32, -29): 46
(33, -29): 46
(34, -29): 46
(35, -29): 46
(35, -30): 46
(35, -31): 46
(36, -31): 46
(37, -31): 46
(37, -32): 46
(37, -33): 46
(37, -34): 46
(37, -35): 46
(38, -35): 46
(39, -35): 46
(40, -35): 46
(41, -35): 46
(42, -35): 46
(43, -35): 46
(44, -35): 46
(45, -35): 46
(46, -35): 46
(47, -35): 46
(48, -35): 46
(49, -35): 46
(50, -35): 46
(51, -35): 46
(52, -35): 46
(53, -35): 46
(54, -35): 46
(55, -35): 46
(56, -35): 46
(57, -35): 46
(58, -35): 46
(59, -35): 46
(60, -35): 46
(60, -34): 46
(61, -34): 46
(62, -34): 46
(63, -34): 46
(64, -34): 46
(65, -34): 46
(65, -33): 46
(36, -25): 46
(9, -20): 46
(9, -27): 46
(9, -28): 46
(8, -28): 46
(7, -28): 46
(6, -28): 46
(6, -27): 46
(7, -27): 46
(8, -27): 46
(3, -25): 46
(2, -25): 46
(1, -25): 46
(0, -25): 46
(0, -24): 46
(1, -24): 46
(2, -24): 46
(3, -24): 46
(-3, -27): 46
(-4, -27): 46
(-3, -28): 46
(-4, -28): 46
(-7, -28): 46
(-7, -29): 46
(-8, -29): 46
(-9, -29): 46
(-10, -29): 46
(-10, -28): 46
(-9, -28): 46
(-8, -28): 46
(-9, -25): 46
(-10, -24): 46
(-10, -25): 46
(-9, -24): 46
(14, -14): 46
(14, -15): 46
(14, -16): 46
(14, -17): 46
(14, -18): 46
(15, -18): 46
(16, -18): 46
(16, -19): 46
(16, -20): 46
(17, -20): 46
(18, -20): 46
(19, -20): 46
(20, -20): 46
(21, -20): 46
(22, -20): 46
(23, -20): 46
(24, -20): 46
(25, -20): 46
(25, -19): 46
(25, -18): 46
(26, -18): 46
(27, -18): 46
(28, -18): 46
(29, -18): 46
(30, -18): 46
(31, -18): 46
(32, -18): 46
(33, -18): 46
(34, -18): 46
(35, -18): 46
(36, -18): 46
(37, -18): 46
(38, -18): 46
(39, -18): 46
(40, -18): 46
(41, -18): 46
(41, -17): 46
(41, -16): 46
(42, -16): 46
(43, -16): 46
(44, -16): 46
(45, -16): 46
(46, -16): 46
(47, -16): 46
(48, -16): 46
(49, -16): 46
(50, -16): 46
(51, -16): 46
(52, -16): 46
(53, -16): 46
(54, -16): 46
(54, -17): 46
(54, -18): 46
(54, -19): 46
(54, -20): 46
(54, -21): 46
(54, -22): 46
(54, -23): 46
(54, -24): 46
(54, -25): 46
(54, -26): 46
(54, -27): 46
(54, -28): 46
(48, -25): 46
(48, -26): 46
(48, -27): 46
(48, -28): 46
(48, -29): 46
(48, -30): 46
(47, -30): 46
(47, -29): 46
(47, -28): 46
(47, -27): 46
(47, -26): 46
(47, -25): 46
(51, -33): 46
(55, -28): 46
(56, -28): 46
(57, -28): 46
(58, -28): 46
(59, -28): 46
(60, -28): 46
(61, -28): 46
(62, -28): 46
(63, -28): 46
(64, -28): 46
(65, -28): 46
(65, -27): 46
(65, -26): 46
(65, -21): 46
(65, -20): 46
(65, -19): 46
(65, -18): 46
(65, -17): 46
(66, -17): 46
(67, -17): 46
(68, -17): 46
(69, -17): 46
(70, -17): 46
(71, -17): 46
(72, -17): 46
(73, -17): 46
(74, -17): 46
(75, -17): 46
(76, -17): 46
(77, -17): 46
(78, -17): 46
(79, -17): 46
(80, -34): 46
(85, -34): 46
(86, -37): 46
(86, -38): 46
(86, -39): 46
(85, -39): 46
(84, -39): 46
(83, -39): 46
(82, -39): 46
(81, -39): 46
(80, -39): 46
(79, -39): 46
(79, -38): 46
(79, -37): 46
(79, -36): 46
(79, -35): 46
(79, -34): 46
(78, -34): 46
(77, -34): 46
(76, -34): 46
(75, -34): 46
(86, -36): 46
(86, -35): 46
(86, -34): 46
(87, -34): 46
(88, -34): 46
(89, -34): 46
(90, -34): 46
(90, -33): 46
(90, -32): 46
(90, -31): 46
(90, -30): 46
(90, -29): 46
(90, -28): 46
(90, -27): 46
(90, -26): 46
(90, -25): 46
(90, -24): 46
(90, -23): 46
(90, -22): 46
(90, -21): 46
(90, -20): 46
(90, -19): 46
(90, -18): 46
(89, -18): 46
(88, -18): 46
(87, -18): 46
(86, -18): 46
(86, -17): 46
(86, -16): 46
(86, -15): 46
(86, -14): 46
(86, -13): 46
(86, -12): 46
(86, -11): 46
(86, -10): 46
(86, -9): 46
(82, -22): 46
(74, -22): 46
(79, -16): 46
(79, -15): 46
(79, -14): 46
(79, -13): 46
(79, -12): 46
(79, -11): 46
(78, -11): 46
(77, -11): 46
(76, -11): 46
(75, -11): 46
(74, -11): 46
(73, -11): 46
(79, -10): 46
(73, -10): 46
(73, -9): 46
(72, -9): 46
(71, -9): 46
(71, -8): 46
(71, -7): 46
(70, -7): 46
(69, -7): 46
(69, -6): 46
(69, -5): 46
(68, -5): 46
(67, -4): 46
(67, -5): 46
(67, -3): 46
(68, -2): 46
(69, -1): 46
(70, -1): 46
(70, 0): 46
(69, 0): 46
(68, 1): 46
(68, 2): 46
(69, 3): 46
(70, 3): 46
(70, 4): 46
(69, 4): 46
(68, 5): 46
(68, 6): 46
(68, 8): 46
(68, 7): 46
(68, 9): 46
(69, 10): 46
(70, 10): 46
(70, 11): 46
(78, 11): 46
(79, 11): 46
(79, 12): 46
(78, 12): 46
(80, 10): 46
(80, 9): 46
(81, 9): 46
(81, 10): 46
(82, 7): 46
(82, 8): 46
(82, 5): 46
(82, 6): 46
(81, 4): 46
(80, 0): 46
(80, -1): 46
(80, 4): 46
(80, 3): 46
(80, 2): 46
(80, 1): 46
(81, -1): 46
(82, -1): 46
(82, -2): 46
(82, -3): 46
(82, -4): 46
(82, -5): 46
(82, -6): 46
(84, -7): 46
(84, -8): 46
(85, -8): 46
(86, -8): 46
(83, -6): 46
(84, -6): 46
(69, 11): 46
(68, 12): 46
(68, 13): 46
(67, 14): 46
(67, 15): 46
(67, 19): 46
(67, 18): 46
(67, 17): 46
(67, 16): 46
(67, 20): 46
(67, 21): 46
(68, 22): 46
(69, 22): 46
(70, 22): 46
(71, 22): 46
(72, 22): 46
(73, 22): 46
(74, 22): 46
(75, 22): 46
(76, 22): 46
(77, 22): 46
(78, 22): 46
(79, 22): 46
(80, 22): 46
(81, 22): 46
(82, 14): 46
(82, 15): 46
(82, 16): 46
(82, 17): 46
(82, 18): 46
(82, 19): 46
(82, 20): 46
(82, 21): 46
(81, 14): 46
(80, 14): 46
(80, 13): 46
(70, 16): 46
(70, 15): 46
(71, 15): 46
(71, 16): 46
(72, 18): 46
(73, 18): 46
(73, 17): 46
(72, 17): 46
(67, -2): 46
(68, -1): 46
(68, 0): 46
(66, -22): 46
(67, -22): 46
(68, -22): 46
(69, -22): 46
(69, -23): 46
(69, -24): 46
(65, -22): 46
(75, -22): 46
(75, -23): 46
(75, -24): 46
(75, -25): 0
(79, -25): 46
(79, -24): 46
(79, -23): 46
(79, -22): 46
(78, -22): 46
(77, -22): 46
(76, -22): 46
(66, -34): 46
(67, -34): 46
(68, -34): 46
(69, -34): 46
(70, -34): 46
(70, -35): 46
(71, -35): 46
(72, -35): 46
(73, -35): 46
(74, -35): 46
(7, -4): 0
(6, -4): 0
(5, -4): 0
(6, 7): 0
(7, 7): 0
(16, 6): 0
(17, 6): 0
(18, 6): 0
(17, -3): 0
(16, -3): 0
(68, -24): 0
(67, -24): 0
(66, -24): 0
(65, -24): 0
(65, -25): 0
(78, -25): 0
(77, -25): 0
(76, -25): 0
(75, -35): 0
