(6, 15): 33
(7, 15): 34
(16, 15): 33
(17, 15): 34
(5, 15): 34
(4, 15): 33
(18, 15): 33
(19, 15): 34
(21, 15): 34
(20, 15): 33
(2, 15): 33
(3, 15): 34
(17, 16): 37
(16, 16): 36
(18, 16): 36
(20, 16): 36
(6, 16): 42
(4, 16): 42
(2, 16): 42
(7, 16): 43
(5, 16): 43
(3, 16): 43
(19, 16): 37
(21, 16): 37
(16, 17): 45
(17, 17): 46
(19, 17): 46
(21, 17): 46
(7, 17): 46
(5, 17): 46
(3, 17): 46
(20, 17): 45
(18, 17): 45
(6, 17): 45
(4, 17): 45
(2, 17): 45
(16, 14): 31
(18, 14): 31
(20, 14): 31
(6, 14): 31
(2, 14): 38
(17, 14): 32
(19, 14): 32
(21, 14): 35
(3, 14): 32
(5, 14): 32
(7, 14): 32
(4, 14): 31
(15, 16): 35
(8, 16): 38
(14, 9): 51
(5, 9): 48
(15, -1): 48
(9, -1): 51
(0, 17): 45
(1, 17): 46
(1, 16): 43
(0, 16): 42
(0, 15): 45
(1, 15): 46
(0, 14): 42
(1, 14): 43
(1, 13): 46
(0, 13): 45
(1, 12): 43
(1, 11): 46
(1, 9): 46
(1, 7): 46
(1, 5): 46
(1, 3): 46
(1, 1): 46
(1, -1): 46
(1, -3): 46
(1, -5): 46
(1, -7): 46
(1, -9): 46
(1, -11): 46
(1, -13): 46
(1, 10): 37
(1, 8): 37
(1, 6): 37
(1, 4): 37
(1, 2): 37
(1, 0): 43
(1, -2): 43
(1, -4): 43
(1, -6): 43
(1, -8): 43
(1, -10): 43
(1, -12): 43
(0, 12): 42
(0, 10): 42
(0, 8): 42
(0, 6): 42
(0, 4): 42
(0, 2): 42
(0, 0): 42
(0, -2): 42
(0, -4): 42
(0, -6): 42
(0, -8): 42
(0, -10): 42
(0, -12): 42
(0, 11): 45
(0, 9): 45
(0, 7): 45
(0, 5): 45
(0, 3): 45
(0, 1): 45
(0, -1): 45
(0, -3): 45
(0, -5): 45
(0, -7): 45
(0, -9): 45
(0, -11): 45
(0, -13): 45
(2, 12): 38
(2, 10): 38
(2, 8): 38
(2, 6): 38
(2, 4): 38
(2, 2): 38
(2, 0): 38
(2, -2): 38
(2, -4): 38
(2, -6): 38
(2, -8): 38
(2, -12): 38
(2, -10): 38
(-1, 15): 46
(-1, 13): 46
(-1, 11): 46
(-1, 9): 46
(-1, 7): 46
(-1, 5): 46
(-1, 3): 46
(-1, 1): 46
(-1, -1): 46
(-1, -3): 46
(-1, -5): 46
(-1, -7): 46
(-1, -9): 46
(-1, -11): 46
(-1, -13): 46
(-1, -12): 43
(-1, -10): 43
(-1, -8): 43
(-1, -6): 43
(-1, -4): 43
(-1, -2): 43
(-3, -2): 43
(-5, -2): 43
(-7, -2): 43
(-7, 0): 43
(-5, 0): 43
(-3, 0): 43
(-3, 2): 43
(-1, 0): 43
(-1, 2): 43
(-5, 2): 43
(-7, 2): 43
(-7, 4): 43
(-5, 4): 43
(-3, 4): 43
(-1, 4): 43
(-1, 6): 43
(-3, 6): 43
(-5, 6): 43
(-7, 6): 43
(-7, 8): 43
(-5, 8): 43
(-3, 8): 43
(-1, 8): 43
(-1, 10): 43
(-3, 10): 43
(-7, 10): 43
(-7, 12): 43
(-5, 12): 43
(-3, 12): 43
(-1, 12): 43
(-1, 14): 43
(-3, 14): 43
(-5, 14): 43
(-7, 14): 43
(-1, 16): 43
(-3, 16): 43
(-5, 16): 43
(-7, 16): 43
(-3, -4): 43
(-3, -6): 43
(-5, -6): 43
(-5, -4): 43
(-7, -4): 43
(-7, -6): 43
(-7, -8): 43
(-5, -8): 43
(-3, -8): 43
(-3, -10): 43
(-5, -10): 43
(-7, -10): 43
(-7, -12): 43
(-5, -12): 43
(-3, -12): 43
(-3, -11): 46
(-5, -11): 46
(-7, -11): 46
(-7, -9): 46
(-5, -9): 46
(-3, -9): 46
(-3, -7): 46
(-3, -13): 46
(-5, -13): 46
(-7, -13): 46
(-7, -7): 46
(-5, -7): 46
(-7, -5): 46
(-5, -5): 46
(-3, -5): 46
(-3, -3): 46
(-5, -3): 46
(-7, -3): 46
(-7, -1): 46
(-5, -1): 46
(-3, -1): 46
(-3, 1): 46
(-5, 1): 46
(-7, 1): 46
(-7, 3): 46
(-5, 3): 46
(-3, 3): 46
(-3, 5): 46
(-5, 5): 46
(-7, 5): 46
(-3, 7): 46
(-5, 7): 46
(-7, 7): 46
(-7, 9): 46
(-5, 9): 46
(-3, 9): 46
(-3, 11): 46
(-3, 13): 46
(-5, 13): 46
(-5, 11): 46
(-7, 11): 46
(-7, 13): 46
(-3, 15): 46
(-5, 15): 46
(-7, 15): 46
(-4, -10): 42
(-4, -12): 42
(-6, -12): 42
(-8, -12): 42
(-8, -10): 42
(-6, -10): 42
(-8, -8): 42
(-6, -8): 42
(-4, -8): 42
(-4, -6): 42
(-6, -6): 42
(-8, -6): 42
(-8, -4): 42
(-6, -4): 42
(-4, -4): 42
(-4, -2): 42
(-6, -2): 42
(-8, -2): 42
(-2, -12): 42
(-2, -10): 42
(-2, -8): 42
(-2, -6): 42
(-2, -4): 42
(-2, -2): 42
(-2, -3): 45
(-2, -5): 45
(-2, -7): 45
(-2, -9): 45
(-2, -11): 45
(-2, -13): 45
(-4, -13): 45
(-6, -13): 45
(-8, -13): 45
(-8, -11): 45
(-6, -11): 45
(-4, -11): 45
(-4, -9): 45
(-6, -9): 45
(-8, -9): 45
(-8, -7): 45
(-6, -7): 45
(-4, -7): 45
(-4, -5): 45
(-6, -5): 45
(-8, -5): 45
(-8, -3): 45
(-6, -3): 45
(-4, -3): 45
(-4, -1): 45
(-6, -1): 45
(-8, -1): 45
(-2, -1): 45
(-2, 1): 45
(-4, 1): 45
(-6, 1): 45
(-8, 1): 45
(-8, 3): 45
(-6, 3): 45
(-4, 3): 45
(-2, 3): 45
(-2, 5): 45
(-4, 5): 45
(-6, 5): 45
(-8, 5): 45
(-8, 7): 45
(-6, 7): 45
(-4, 7): 45
(-2, 7): 45
(-2, 9): 45
(-4, 9): 45
(-6, 9): 45
(-8, 9): 45
(-8, 11): 45
(-6, 11): 45
(-4, 11): 45
(-2, 11): 45
(-2, 13): 45
(-4, 13): 45
(-6, 13): 45
(-8, 13): 45
(-8, 15): 45
(-6, 15): 45
(-4, 15): 45
(-2, 15): 45
(-2, 14): 42
(-2, 12): 42
(-2, 10): 42
(-2, 8): 42
(-2, 6): 42
(-2, 4): 42
(-4, 4): 42
(-6, 4): 42
(-8, 4): 42
(-8, 6): 42
(-6, 6): 42
(-4, 6): 42
(-4, 8): 42
(-6, 8): 42
(-8, 8): 42
(-8, 10): 42
(-6, 10): 42
(-4, 10): 42
(-5, 10): 43
(-4, 12): 42
(-6, 12): 42
(-8, 12): 42
(-8, 14): 42
(-8, 16): 42
(-6, 16): 42
(-6, 14): 42
(-4, 14): 42
(-4, 16): 42
(-2, 16): 42
(-4, 2): 42
(-2, 2): 42
(-2, 0): 42
(-4, 0): 42
(-6, 0): 42
(-6, 2): 42
(-8, 2): 42
(-8, 0): 42
(-2, 17): 45
(-4, 17): 45
(-6, 17): 45
(-8, 17): 45
(-8, 19): 45
(-6, 19): 45
(-4, 19): 45
(-2, 19): 45
(-2, 21): 45
(-4, 21): 45
(-6, 21): 45
(-8, 21): 45
(0, 19): 45
(0, 21): 45
(2, 21): 45
(2, 19): 45
(4, 19): 45
(4, 21): 45
(6, 21): 45
(6, 19): 45
(4, 18): 42
(6, 18): 42
(2, 18): 42
(0, 18): 42
(-2, 18): 42
(-4, 18): 42
(-6, 18): 42
(-8, 18): 42
(-8, 20): 42
(-6, 20): 42
(-4, 20): 42
(-2, 20): 42
(0, 20): 42
(2, 20): 42
(4, 20): 42
(6, 20): 42
(-1, 17): 46
(-3, 17): 46
(-5, 17): 46
(-7, 17): 46
(-7, 19): 46
(-5, 19): 46
(-3, 19): 46
(-1, 19): 46
(1, 19): 46
(3, 19): 46
(5, 19): 46
(5, 18): 43
(7, 18): 43
(3, 18): 43
(1, 18): 43
(-1, 18): 43
(-3, 18): 43
(-5, 18): 43
(-7, 18): 43
(7, 19): 46
(-7, 20): 43
(-5, 20): 43
(-3, 20): 43
(-1, 20): 43
(1, 20): 43
(3, 20): 43
(5, 20): 43
(7, 20): 43
(7, 21): 46
(5, 21): 46
(3, 21): 46
(1, 21): 46
(-1, 21): 46
(-3, 21): 46
(-5, 21): 46
(-7, 21): 46
(-8, 23): 45
(-6, 23): 45
(-4, 23): 45
(-2, 23): 45
(0, 23): 45
(2, 23): 45
(4, 23): 45
(6, 23): 45
(7, 23): 46
(5, 23): 46
(3, 23): 46
(1, 23): 46
(-1, 23): 46
(-3, 23): 46
(-5, 23): 46
(-7, 23): 46
(-8, 22): 42
(-6, 22): 42
(-4, 22): 42
(-2, 22): 42
(-4, 24): 42
(-6, 24): 42
(-8, 24): 42
(-2, 24): 42
(0, 24): 42
(2, 24): 42
(4, 24): 42
(6, 24): 42
(0, 22): 42
(2, 22): 42
(4, 22): 42
(6, 22): 42
(7, 22): 43
(5, 22): 43
(3, 22): 43
(1, 22): 43
(-1, 22): 43
(-3, 22): 43
(-5, 22): 43
(-7, 22): 43
(-7, 24): 43
(-5, 24): 43
(-3, 24): 43
(-1, 24): 43
(1, 24): 43
(3, 24): 43
(5, 24): 43
(7, 24): 43
(8, 23): 45
(8, 21): 45
(10, 21): 45
(10, 23): 45
(12, 21): 45
(12, 23): 45
(14, 23): 45
(14, 21): 45
(16, 21): 45
(16, 23): 45
(16, 19): 45
(18, 19): 45
(18, 21): 45
(18, 23): 45
(20, 23): 45
(20, 21): 45
(20, 19): 45
(17, 19): 46
(19, 19): 46
(21, 19): 46
(21, 21): 46
(19, 21): 46
(17, 21): 46
(15, 21): 46
(13, 21): 46
(11, 21): 46
(9, 21): 46
(9, 23): 46
(11, 23): 46
(13, 23): 46
(15, 23): 46
(17, 23): 46
(19, 23): 46
(21, 23): 46
(16, 18): 42
(18, 18): 42
(20, 18): 42
(20, 20): 42
(17, 20): 43
(18, 20): 42
(16, 20): 42
(14, 20): 42
(12, 20): 42
(10, 20): 42
(8, 20): 42
(8, 22): 42
(8, 24): 42
(10, 24): 42
(10, 22): 42
(12, 22): 42
(12, 24): 42
(14, 24): 42
(14, 22): 42
(16, 22): 42
(16, 24): 42
(18, 24): 42
(18, 22): 42
(20, 22): 42
(20, 24): 42
(21, 24): 43
(21, 22): 43
(19, 24): 43
(19, 22): 43
(17, 24): 43
(17, 22): 43
(15, 22): 43
(15, 24): 43
(13, 24): 43
(13, 22): 43
(11, 22): 43
(11, 24): 43
(9, 24): 43
(9, 22): 43
(9, 20): 43
(11, 20): 43
(13, 20): 43
(15, 20): 43
(19, 20): 43
(21, 20): 43
(21, 18): 43
(19, 18): 43
(17, 18): 43
(15, 18): 35
(8, 19): 33
(10, 19): 33
(12, 19): 33
(14, 19): 33
(15, 19): 34
(13, 19): 34
(11, 19): 34
(9, 19): 34
(8, 18): 38
(-9, 23): 46
(-9, 21): 46
(-11, 23): 46
(-11, 21): 46
(-11, 19): 46
(-9, 19): 46
(-9, 17): 46
(-11, 17): 46
(-11, 15): 46
(-9, 15): 46
(-9, 13): 46
(-11, 13): 46
(-11, 11): 46
(-9, 11): 46
(-9, 9): 46
(-11, 9): 46
(-11, 7): 46
(-9, 7): 46
(-9, 5): 46
(-11, 5): 46
(-9, 3): 46
(-11, 3): 46
(-11, 1): 46
(-9, 1): 46
(-9, -1): 46
(-11, -1): 46
(-11, -3): 46
(-9, -3): 46
(-9, -5): 46
(-11, -5): 46
(-9, -7): 46
(-11, -7): 46
(-11, -9): 46
(-9, -9): 46
(-9, -11): 46
(-11, -11): 46
(-9, -13): 46
(-11, -13): 46
(-12, -13): 45
(-10, -13): 45
(-10, -11): 45
(-12, -11): 45
(-12, -9): 45
(-10, -9): 45
(-10, -7): 45
(-12, -7): 45
(-12, -5): 45
(-10, -5): 45
(-10, -3): 45
(-12, -3): 45
(-12, -1): 45
(-10, -1): 45
(-10, 1): 45
(-12, 1): 45
(-12, 3): 45
(-10, 3): 45
(-10, 5): 45
(-12, 5): 45
(-12, 7): 45
(-10, 7): 45
(-10, 9): 45
(-12, 9): 45
(-12, 11): 45
(-10, 11): 45
(-10, 13): 45
(-12, 13): 45
(-12, 15): 45
(-10, 15): 45
(-10, 17): 45
(-12, 17): 45
(-12, 19): 45
(-10, 19): 45
(-10, 21): 45
(-12, 21): 45
(-12, 23): 45
(-10, 23): 45
(-9, 24): 43
(-9, 22): 43
(-9, 20): 43
(-9, 18): 43
(-9, 16): 43
(-9, 14): 43
(-9, 12): 43
(-9, 10): 43
(-9, 8): 43
(-9, 6): 43
(-9, 4): 43
(-9, 2): 43
(-9, 0): 43
(-9, -2): 43
(-9, -4): 43
(-9, -6): 43
(-9, -8): 43
(-9, -10): 43
(-9, -12): 43
(-11, -12): 43
(-11, -10): 43
(-11, -8): 43
(-11, -6): 43
(-11, -4): 43
(-11, -2): 43
(-11, 0): 43
(-11, 2): 43
(-11, 4): 43
(-11, 6): 43
(-11, 8): 43
(-11, 10): 43
(-11, 12): 43
(-11, 14): 43
(-11, 16): 43
(-11, 18): 43
(-11, 20): 43
(-11, 22): 43
(-11, 24): 43
(-12, 24): 42
(-10, 24): 42
(-10, 22): 42
(-12, 22): 42
(-12, 20): 42
(-10, 20): 42
(-10, 18): 42
(-12, 18): 42
(-12, 16): 42
(-10, 16): 42
(-10, 14): 42
(-12, 14): 42
(-12, 12): 42
(-10, 12): 42
(-10, 10): 42
(-12, 10): 42
(-12, 8): 42
(-10, 8): 42
(-10, 6): 42
(-12, 6): 42
(-12, 4): 42
(-10, 4): 42
(-10, 2): 42
(-12, 2): 42
(-12, 0): 42
(-10, 0): 42
(-10, -2): 42
(-12, -2): 42
(-12, -4): 42
(-10, -4): 42
(-10, -6): 42
(-12, -6): 42
(-12, -8): 42
(-10, -8): 42
(-10, -10): 42
(-12, -10): 42
(-12, -12): 42
(-10, -12): 42
(22, 23): 45
(22, 21): 45
(22, 19): 45
(22, 17): 45
(24, 17): 45
(26, 17): 45
(24, 19): 45
(26, 19): 45
(24, 21): 45
(24, 23): 45
(26, 23): 45
(26, 21): 45
(28, 23): 45
(28, 21): 45
(28, 19): 45
(28, 17): 45
(30, 17): 45
(30, 19): 45
(30, 21): 45
(30, 23): 45
(32, 23): 45
(32, 21): 45
(32, 19): 45
(32, 17): 45
(34, 17): 45
(34, 19): 45
(34, 21): 45
(34, 23): 45
(34, 15): 45
(32, 15): 45
(30, 15): 45
(28, 15): 45
(26, 15): 45
(24, 15): 45
(22, 15): 45
(22, 13): 45
(24, 13): 45
(22, 11): 45
(24, 11): 45
(22, 9): 45
(24, 9): 45
(22, 7): 45
(24, 7): 45
(22, 5): 45
(24, 5): 45
(26, 5): 45
(26, 7): 45
(26, 9): 45
(26, 11): 45
(26, 13): 45
(28, 13): 45
(28, 11): 45
(28, 9): 45
(28, 7): 45
(28, 5): 45
(30, 5): 45
(30, 7): 45
(30, 9): 45
(30, 11): 45
(30, 13): 45
(32, 13): 45
(32, 11): 45
(32, 9): 45
(32, 7): 45
(32, 5): 45
(34, 5): 45
(34, 7): 45
(34, 9): 45
(34, 11): 45
(34, 13): 45
(23, 23): 46
(25, 23): 46
(27, 23): 46
(29, 23): 46
(31, 23): 46
(33, 23): 46
(35, 23): 46
(35, 21): 46
(33, 21): 46
(31, 21): 46
(29, 21): 46
(27, 21): 46
(25, 21): 46
(23, 21): 46
(23, 19): 46
(25, 19): 46
(27, 19): 46
(29, 19): 46
(31, 19): 46
(33, 19): 46
(35, 19): 46
(35, 17): 46
(35, 15): 46
(35, 13): 46
(35, 11): 46
(33, 11): 46
(33, 13): 46
(33, 15): 46
(33, 17): 46
(31, 17): 46
(31, 15): 46
(31, 13): 46
(31, 11): 46
(29, 11): 46
(29, 13): 46
(29, 15): 46
(29, 17): 46
(27, 17): 46
(27, 15): 46
(27, 13): 46
(27, 11): 46
(25, 11): 46
(25, 13): 46
(25, 15): 46
(25, 17): 46
(23, 17): 46
(23, 15): 46
(23, 13): 46
(23, 11): 46
(22, 24): 42
(24, 24): 42
(26, 24): 42
(28, 24): 42
(30, 24): 42
(32, 24): 42
(34, 24): 42
(22, 22): 42
(24, 22): 42
(26, 22): 42
(28, 22): 42
(30, 22): 42
(32, 22): 42
(34, 22): 42
(34, 20): 42
(32, 20): 42
(30, 20): 42
(28, 20): 42
(26, 20): 42
(24, 20): 42
(22, 20): 42
(22, 18): 42
(24, 18): 42
(26, 18): 42
(28, 18): 42
(30, 18): 42
(32, 18): 42
(34, 18): 42
(34, 16): 42
(32, 16): 42
(30, 16): 42
(28, 16): 42
(26, 16): 42
(24, 16): 42
(22, 16): 42
(22, 14): 42
(24, 14): 42
(26, 14): 42
(28, 14): 42
(30, 14): 42
(32, 14): 42
(34, 14): 42
(34, 12): 42
(32, 12): 42
(30, 12): 42
(28, 12): 42
(26, 12): 42
(24, 12): 42
(22, 12): 42
(22, 10): 42
(24, 10): 42
(26, 10): 42
(28, 10): 42
(30, 10): 42
(32, 10): 42
(34, 10): 42
(35, 24): 43
(33, 24): 43
(31, 24): 43
(29, 24): 43
(27, 24): 43
(25, 24): 43
(23, 24): 43
(23, 22): 43
(25, 22): 43
(27, 22): 43
(29, 22): 43
(31, 22): 43
(33, 22): 43
(35, 22): 43
(35, 20): 43
(33, 20): 43
(31, 20): 43
(29, 20): 43
(27, 20): 43
(25, 20): 43
(23, 20): 43
(23, 18): 43
(25, 18): 43
(27, 18): 43
(29, 18): 43
(31, 18): 43
(33, 18): 43
(35, 18): 43
(35, 16): 43
(33, 16): 43
(31, 16): 43
(29, 16): 43
(27, 16): 43
(25, 16): 43
(23, 16): 43
(23, 14): 43
(25, 14): 43
(27, 14): 43
(29, 14): 43
(31, 14): 43
(33, 14): 43
(35, 14): 43
(35, 12): 43
(33, 12): 43
(31, 12): 43
(29, 12): 43
(27, 12): 43
(25, 12): 43
(23, 12): 43
(35, 10): 43
(33, 10): 43
(31, 10): 43
(29, 10): 43
(27, 10): 43
(25, 10): 43
(23, 10): 43
(23, 8): 43
(25, 8): 43
(27, 8): 43
(29, 8): 43
(31, 8): 43
(33, 8): 43
(35, 8): 43
(35, 6): 43
(33, 6): 43
(31, 6): 43
(29, 6): 43
(27, 6): 43
(25, 6): 43
(23, 6): 43
(23, 4): 43
(23, 2): 43
(23, 0): 43
(23, -2): 43
(23, -4): 43
(25, -4): 43
(27, -4): 43
(29, -4): 43
(31, -4): 43
(33, -4): 43
(35, -4): 43
(35, -2): 43
(33, -2): 43
(31, -2): 43
(29, -2): 43
(27, -2): 43
(25, -2): 43
(25, 0): 43
(27, 0): 43
(29, 0): 43
(31, 0): 43
(33, 0): 43
(35, 0): 43
(35, 2): 43
(33, 2): 43
(31, 2): 43
(29, 2): 43
(27, 2): 43
(25, 2): 43
(25, 4): 43
(27, 4): 43
(29, 4): 43
(31, 4): 43
(33, 4): 43
(35, 4): 43
(34, 8): 42
(32, 8): 42
(30, 8): 42
(28, 8): 42
(26, 8): 42
(24, 8): 42
(22, 8): 42
(22, 6): 42
(24, 6): 42
(26, 6): 42
(28, 6): 42
(30, 6): 42
(32, 6): 42
(34, 6): 42
(34, 4): 42
(32, 4): 42
(30, 4): 42
(28, 4): 42
(26, 4): 42
(24, 4): 42
(22, 4): 42
(22, 2): 42
(24, 2): 42
(26, 2): 42
(28, 2): 42
(30, 2): 42
(32, 2): 42
(34, 2): 42
(34, 0): 42
(32, 0): 42
(30, 0): 42
(28, 0): 42
(26, 0): 42
(24, 0): 42
(22, 0): 42
(22, -2): 42
(24, -2): 42
(26, -2): 42
(28, -2): 42
(30, -2): 42
(32, -2): 42
(34, -2): 42
(34, -4): 42
(32, -4): 42
(30, -4): 42
(28, -4): 42
(26, -4): 42
(24, -4): 42
(22, -4): 42
(35, 9): 46
(33, 9): 46
(31, 9): 46
(29, 9): 46
(27, 9): 46
(25, 9): 46
(23, 9): 46
(23, 7): 46
(25, 7): 46
(27, 7): 46
(29, 7): 46
(31, 7): 46
(33, 7): 46
(35, 7): 46
(35, 5): 46
(33, 5): 46
(31, 5): 46
(29, 5): 46
(27, 5): 46
(25, 5): 46
(23, 5): 46
(35, 3): 46
(33, 3): 46
(31, 3): 46
(29, 3): 46
(27, 3): 46
(25, 3): 46
(23, 3): 46
(23, 1): 46
(25, 1): 46
(27, 1): 46
(29, 1): 46
(31, 1): 46
(33, 1): 46
(35, 1): 46
(35, -1): 46
(33, -1): 46
(31, -1): 46
(29, -1): 46
(27, -1): 46
(25, -1): 46
(23, -1): 46
(23, -3): 46
(23, -5): 46
(25, -5): 46
(27, -5): 46
(29, -5): 46
(31, -5): 46
(33, -5): 46
(35, -5): 46
(35, -3): 46
(33, -3): 46
(31, -3): 46
(29, -3): 46
(27, -3): 46
(25, -3): 46
(34, 3): 45
(34, 1): 45
(34, -1): 45
(34, -3): 45
(34, -5): 45
(32, 3): 45
(30, 3): 45
(28, 3): 45
(26, 3): 45
(24, 3): 45
(22, 3): 45
(22, 1): 45
(24, 1): 45
(26, 1): 45
(28, 1): 45
(30, 1): 45
(32, 1): 45
(32, -1): 45
(30, -1): 45
(28, -1): 45
(26, -1): 45
(24, -1): 45
(22, -1): 45
(22, -3): 45
(24, -3): 45
(26, -3): 45
(28, -3): 45
(30, -3): 45
(32, -3): 45
(32, -5): 45
(30, -5): 45
(28, -5): 45
(26, -5): 45
(24, -5): 45
(22, -5): 45
(21, 12): 35
(21, 10): 35
(21, 8): 35
(21, 6): 35
(21, 4): 35
(21, 2): 35
(21, 0): 35
(21, -2): 35
(21, -4): 35
(21, -6): 35
(21, -8): 35
(21, -10): 35
(21, -12): 35
(35, -7): 46
(33, -7): 46
(31, -7): 46
(29, -7): 46
(27, -7): 46
(25, -7): 46
(23, -7): 46
(23, -9): 46
(25, -9): 46
(27, -9): 46
(29, -9): 46
(31, -9): 46
(33, -9): 46
(35, -9): 46
(35, -11): 46
(33, -11): 46
(31, -11): 46
(29, -11): 46
(27, -11): 46
(25, -11): 46
(23, -11): 46
(28, -7): 45
(30, -7): 45
(32, -7): 45
(34, -7): 45
(34, -9): 45
(32, -9): 45
(30, -9): 45
(28, -9): 45
(26, -9): 45
(26, -7): 45
(24, -7): 45
(24, -9): 45
(22, -7): 45
(22, -9): 45
(22, -11): 45
(24, -11): 45
(26, -11): 45
(28, -11): 45
(30, -11): 45
(32, -11): 45
(34, -11): 45
(35, -6): 43
(33, -6): 43
(31, -6): 43
(29, -6): 43
(27, -6): 43
(25, -6): 43
(23, -6): 43
(23, -8): 43
(25, -8): 43
(27, -8): 43
(29, -8): 43
(31, -8): 43
(33, -8): 43
(35, -8): 43
(35, -10): 43
(33, -10): 43
(31, -10): 43
(29, -10): 43
(27, -10): 43
(25, -10): 43
(23, -10): 43
(34, -6): 42
(32, -6): 42
(30, -6): 42
(28, -6): 42
(26, -6): 42
(24, -6): 42
(22, -6): 42
(22, -8): 42
(24, -8): 42
(26, -8): 42
(28, -8): 42
(30, -8): 42
(32, -8): 42
(34, -8): 42
(34, -10): 42
(32, -10): 42
(30, -10): 42
(28, -10): 42
(26, -10): 42
(24, -10): 42
(22, -10): 42
(22, -12): 42
(24, -12): 42
(26, -12): 42
(28, -12): 42
(30, -12): 42
(32, -12): 42
(34, -12): 42
(35, -12): 43
(33, -12): 43
(31, -12): 43
(29, -12): 43
(27, -12): 43
(25, -12): 43
(23, -12): 43
(12, 2): 52
(9, -20): 32
(3, -24): 40
(2, -24): 39
(0, -24): 39
(1, -24): 40
(3, -25): 37
(4, -25): 38
(2, -25): 36
(1, -25): 37
(0, -25): 36
(-1, -25): 35
(0, -26): 33
(2, -26): 33
(3, -26): 34
(1, -26): 34
(0, -27): 31
(2, -27): 31
(3, -27): 32
(1, -27): 32
(-9, -24): 40
(-10, -24): 39
(-10, -25): 36
(-9, -25): 37
(-8, -25): 38
(-11, -25): 35
(-10, -26): 33
(-9, -26): 34
(-9, -27): 32
(-10, -27): 31
(-10, -28): 39
(-9, -28): 40
(-10, -29): 36
(-9, -29): 37
(-8, -29): 36
(-11, -29): 35
(-10, -30): 33
(-9, -30): 34
(-10, -31): 39
(-9, -31): 40
(-7, -28): 40
(-8, -28): 39
(-7, -29): 37
(-6, -29): 38
(-8, -30): 33
(-7, -30): 34
(-8, -31): 39
(-7, -31): 40
(-4, -27): 39
(-3, -27): 40
(-4, -28): 36
(-3, -28): 37
(-2, -28): 38
(-5, -28): 35
(-4, -29): 33
(-3, -29): 34
(-4, -30): 31
(-3, -30): 32
(0, -29): 39
(2, -29): 39
(1, -29): 40
(3, -29): 40
(0, -30): 36
(2, -30): 36
(3, -30): 37
(1, -30): 37
(4, -30): 38
(-1, -30): 35
(0, -31): 45
(2, -31): 45
(3, -31): 46
(1, -31): 46
(0, -32): 42
(2, -32): 42
(3, -32): 43
(1, -32): 43
(6, -27): 39
(8, -27): 39
(7, -27): 40
(9, -27): 40
(6, -28): 36
(8, -28): 36
(9, -28): 37
(7, -28): 37
(10, -28): 38
(5, -28): 35
(6, -29): 33
(8, -29): 33
(9, -29): 34
(7, -29): 34
(8, -30): 31
(6, -30): 31
(7, -30): 32
(9, -30): 32
(14, -29): 39
(16, -29): 39
(18, -29): 39
(22, -29): 39
(28, -29): 39
(33, -29): 40
(34, -29): 39
(32, -29): 39
(29, -29): 40
(23, -29): 40
(15, -29): 40
(17, -29): 40
(19, -29): 40
(35, -29): 40
(35, -30): 37
(33, -30): 37
(29, -30): 37
(15, -30): 37
(17, -30): 37
(19, -30): 37
(23, -30): 37
(22, -30): 36
(18, -30): 36
(16, -30): 36
(14, -30): 36
(28, -30): 36
(34, -30): 36
(32, -30): 36
(34, -31): 45
(32, -31): 45
(28, -31): 45
(22, -31): 45
(14, -31): 45
(16, -31): 45
(18, -31): 45
(32, -32): 42
(34, -32): 42
(19, -31): 46
(17, -31): 46
(15, -31): 46
(23, -31): 46
(29, -31): 46
(33, -31): 46
(35, -31): 46
(28, -32): 42
(22, -32): 42
(18, -32): 42
(16, -32): 42
(14, -32): 42
(35, -32): 43
(33, -32): 43
(29, -32): 43
(23, -32): 43
(19, -32): 43
(17, -32): 43
(15, -32): 43
(27, -30): 35
(21, -30): 35
(13, -30): 35
(31, -30): 35
(30, -30): 38
(24, -30): 38
(20, -30): 38
(36, -30): 38
(-9, -19): 46
(-10, -19): 45
(-9, -20): 43
(-10, -20): 42
(-8, -20): 42
(-11, -20): 43
(-10, -21): 33
(-9, -21): 34
(-10, -22): 31
(-9, -22): 32
(-7, -20): 43
(-5, -20): 43
(-3, -20): 43
(-1, -20): 43
(1, -20): 43
(3, -20): 43
(3, -18): 43
(7, -18): 43
(7, -17): 46
(8, -18): 42
(7, -19): 34
(7, -20): 32
(9, -18): 43
(10, -18): 38
(8, -19): 33
(9, -19): 34
(8, -17): 45
(9, -17): 46
(6, -18): 42
(6, -19): 33
(6, -20): 31
(8, -20): 31
(6, -17): 45
(4, -18): 42
(5, -18): 43
(4, -19): 33
(5, -19): 34
(4, -20): 38
(5, -20): 32
(5, -17): 46
(4, -17): 45
(2, -18): 42
(2, -20): 42
(0, -20): 42
(-2, -20): 42
(-4, -20): 42
(-6, -20): 42
(3, -17): 46
(3, -19): 46
(1, -19): 46
(-1, -19): 46
(-3, -19): 46
(-5, -19): 46
(-7, -19): 46
(2, -17): 45
(2, -19): 45
(0, -19): 45
(-2, -19): 45
(-4, -19): 45
(-6, -19): 45
(-6, -21): 33
(-4, -21): 33
(-2, -21): 33
(0, -21): 33
(2, -21): 33
(3, -21): 34
(1, -21): 34
(-1, -21): 34
(-3, -21): 34
(-5, -21): 34
(-7, -21): 34
(3, -22): 32
(2, -22): 31
(1, -22): 32
(0, -22): 31
(-1, -22): 32
(-2, -22): 31
(-3, -22): 32
(-4, -22): 31
(-5, -22): 32
(-6, -22): 31
(-7, -22): 32
(-12, -20): 42
(-14, -20): 42
(-16, -20): 42
(-18, -20): 42
(-20, -20): 42
(-20, -22): 42
(-22, -22): 42
(-13, -20): 43
(-15, -20): 43
(-17, -20): 43
(-19, -20): 43
(-21, -22): 43
(-19, -22): 43
(-11, -21): 34
(-13, -21): 34
(-15, -21): 34
(-17, -21): 34
(-19, -21): 46
(-19, -19): 46
(-17, -19): 46
(-15, -19): 46
(-13, -19): 46
(-11, -19): 46
(-8, -19): 45
(-12, -19): 45
(-14, -19): 45
(-16, -19): 45
(-18, -19): 45
(-20, -19): 45
(-22, -19): 45
(-21, -19): 46
(-22, -20): 42
(-21, -20): 43
(-22, -21): 45
(-21, -21): 46
(-8, -21): 33
(-12, -21): 33
(-14, -21): 33
(-16, -21): 33
(-18, -21): 33
(-20, -21): 45
(-8, -22): 31
(-12, -22): 31
(-14, -22): 31
(-13, -22): 32
(-15, -22): 32
(-16, -22): 31
(-17, -22): 32
(-18, -22): 38
(-21, -23): 46
(-22, -23): 45
(-22, -24): 42
(-21, -24): 43
(-22, -25): 33
(-21, -25): 34
(-19, -23): 34
(-20, -23): 33
(-20, -24): 38
(-19, -24): 32
(-22, -32): 36
(-23, -23): 46
(-23, -25): 46
(-23, -27): 46
(-23, -29): 46
(-23, -31): 46
(-21, -30): 173
(-21, -31): 40
(-22, -31): 39
(-21, -32): 37
(-11, -22): 32
(-24, -23): 45
(-24, -25): 45
(-24, -27): 45
(-24, -29): 45
(-24, -31): 45
(-23, -24): 43
(-23, -26): 43
(-23, -28): 43
(-23, -30): 43
(-23, -32): 43
(-24, -24): 42
(-24, -26): 42
(-24, -28): 42
(-24, -30): 42
(-24, -32): 42
(-23, -22): 37
(-24, -22): 42
(-22, -26): 38
(-22, -28): 38
(-22, -30): 38
(-18, -31): 39
(-16, -31): 39
(-14, -31): 39
(-12, -31): 39
(-6, -31): 39
(-4, -31): 39
(-2, -31): 39
(4, -31): 39
(6, -31): 39
(8, -31): 39
(10, -31): 39
(12, -31): 39
(-17, -31): 40
(-15, -31): 40
(-13, -31): 40
(-11, -31): 40
(-5, -31): 40
(-3, -31): 40
(-1, -31): 40
(-1, -32): 37
(-3, -32): 37
(-5, -32): 37
(-7, -32): 37
(-9, -32): 37
(-11, -32): 37
(-13, -32): 37
(-15, -32): 37
(-18, -32): 36
(-17, -32): 37
(-16, -32): 36
(-14, -32): 36
(-12, -32): 36
(-10, -32): 36
(-8, -32): 36
(-6, -32): 36
(-4, -32): 36
(-2, -32): 36
(1, -33): 46
(-1, -33): 46
(-3, -33): 46
(-5, -33): 46
(-7, -33): 46
(-9, -33): 46
(-11, -33): 46
(-13, -33): 46
(-15, -33): 46
(-17, -33): 46
(-21, -33): 46
(-18, -33): 45
(-16, -33): 45
(-14, -33): 45
(-12, -33): 45
(-10, -33): 45
(-8, -33): 45
(-6, -33): 45
(-4, -33): 45
(-2, -33): 45
(0, -33): 45
(2, -33): 45
(-22, -33): 45
(-24, -33): 45
(-23, -33): 46
(-20, -32): 38
(-19, -32): 35
(13, -31): 40
(11, -31): 40
(9, -31): 40
(7, -31): 40
(5, -31): 40
(4, -32): 36
(6, -32): 36
(8, -32): 36
(10, -32): 36
(12, -32): 36
(13, -32): 37
(11, -32): 37
(9, -32): 37
(7, -32): 37
(5, -32): 37
(4, -33): 45
(6, -33): 45
(8, -33): 45
(10, -33): 45
(12, -33): 45
(14, -33): 45
(17, -33): 46
(16, -33): 45
(18, -33): 45
(19, -33): 46
(15, -33): 46
(13, -33): 46
(11, -33): 46
(9, -33): 46
(7, -33): 46
(5, -33): 46
(3, -33): 46
(30, -31): 39
(26, -31): 39
(24, -31): 39
(20, -31): 39
(21, -31): 40
(25, -31): 40
(27, -31): 40
(31, -31): 40
(31, -32): 37
(27, -32): 37
(25, -32): 37
(21, -32): 37
(20, -32): 36
(24, -32): 36
(26, -32): 36
(30, -32): 36
(20, -33): 45
(22, -33): 45
(24, -33): 45
(26, -33): 45
(28, -33): 45
(30, -33): 45
(32, -33): 45
(34, -33): 45
(21, -33): 46
(23, -33): 46
(25, -33): 46
(27, -33): 46
(29, -33): 46
(31, -33): 46
(33, -33): 46
(35, -33): 46
(9, -16): 43
(9, -14): 37
(9, -13): 40
(6, -13): 39
(7, -13): 40
(5, -13): 40
(3, -13): 40
(2, -13): 39
(4, -13): 39
(8, -13): 39
(6, -14): 36
(7, -14): 37
(5, -14): 37
(3, -14): 37
(8, -14): 36
(4, -14): 36
(2, -14): 36
(9, -15): 46
(7, -15): 46
(5, -15): 46
(3, -15): 46
(8, -15): 45
(6, -15): 45
(4, -15): 45
(2, -15): 45
(7, -16): 43
(5, -16): 43
(3, -16): 43
(8, -16): 42
(6, -16): 42
(4, -16): 42
(2, -16): 42
(10, -14): 38
(10, -16): 38
(14, -13): 39
(17, -13): 40
(16, -13): 39
(18, -13): 39
(20, -13): 39
(22, -13): 45
(21, -13): 40
(19, -13): 40
(15, -13): 40
(14, -14): 36
(16, -14): 36
(18, -14): 36
(20, -14): 36
(14, -16): 42
(14, -18): 42
(16, -18): 42
(16, -16): 42
(18, -16): 42
(18, -18): 42
(20, -18): 42
(20, -16): 42
(16, -20): 42
(21, -14): 37
(19, -14): 37
(17, -14): 37
(15, -14): 37
(14, -15): 45
(16, -15): 45
(18, -15): 45
(20, -15): 45
(14, -17): 45
(16, -17): 45
(18, -17): 45
(20, -17): 45
(20, -19): 45
(18, -19): 45
(16, -19): 45
(14, -19): 33
(16, -21): 33
(18, -21): 33
(20, -21): 33
(18, -20): 42
(20, -20): 42
(21, -16): 43
(21, -18): 43
(21, -20): 43
(19, -20): 43
(17, -20): 43
(17, -18): 43
(17, -16): 43
(19, -16): 43
(19, -18): 43
(15, -16): 43
(15, -18): 43
(15, -19): 34
(21, -15): 46
(19, -15): 46
(17, -15): 46
(15, -15): 46
(15, -17): 46
(17, -17): 46
(19, -17): 46
(21, -17): 46
(21, -19): 46
(21, -21): 34
(19, -21): 34
(17, -21): 34
(17, -19): 46
(19, -19): 46
(13, -14): 35
(13, -16): 35
(13, -18): 35
(15, -20): 35
(14, -20): 31
(-21, -26): 32
(1, -14): 43
(1, -16): 43
(1, -18): 43
(-1, -18): 43
(-3, -18): 43
(-3, -16): 43
(-3, -14): 43
(-1, -14): 43
(-1, -16): 43
(-5, -14): 43
(-7, -14): 43
(-9, -14): 43
(-11, -14): 43
(-11, -16): 43
(-9, -16): 43
(-7, -16): 43
(-5, -16): 43
(-5, -18): 43
(-7, -18): 43
(-9, -18): 43
(-11, -18): 43
(-13, -18): 43
(-13, -16): 43
(-13, -14): 43
(-15, -14): 43
(-17, -14): 43
(-19, -14): 43
(-21, -14): 43
(-21, -16): 43
(-19, -16): 43
(-17, -16): 43
(-15, -16): 43
(-15, -18): 43
(-17, -18): 43
(-19, -18): 43
(-21, -18): 43
(-4, -14): 42
(-4, -16): 42
(-4, -18): 42
(-2, -18): 42
(-2, -16): 42
(-2, -14): 42
(0, -14): 42
(0, -16): 42
(0, -18): 42
(-6, -18): 42
(-8, -18): 42
(-10, -18): 42
(-12, -18): 42
(-14, -18): 42
(-16, -18): 42
(-18, -18): 42
(-20, -18): 42
(-22, -18): 42
(-22, -16): 42
(-20, -16): 42
(-20, -14): 42
(-22, -14): 42
(-18, -14): 42
(-18, -16): 42
(-16, -14): 42
(-16, -16): 42
(-14, -14): 42
(-14, -16): 42
(-12, -16): 42
(-12, -14): 42
(-10, -14): 42
(-10, -16): 42
(-8, -16): 42
(-8, -14): 42
(-6, -14): 42
(-6, -16): 42
(1, -15): 46
(-1, -15): 46
(-3, -15): 46
(-5, -15): 46
(-7, -15): 46
(-9, -15): 46
(-11, -15): 46
(-13, -15): 46
(-15, -15): 46
(-17, -15): 46
(-19, -15): 46
(-21, -15): 46
(-21, -17): 46
(-19, -17): 46
(-17, -17): 46
(-15, -17): 46
(-13, -17): 46
(-11, -17): 46
(-9, -17): 46
(-7, -17): 46
(-5, -17): 46
(-3, -17): 46
(-1, -17): 46
(1, -17): 46
(0, -15): 45
(0, -17): 45
(-2, -17): 45
(-2, -15): 45
(-4, -15): 45
(-4, -17): 45
(-6, -17): 45
(-6, -15): 45
(-8, -15): 45
(-8, -17): 45
(-10, -17): 45
(-10, -15): 45
(-12, -15): 45
(-12, -17): 45
(-14, -17): 45
(-14, -15): 45
(-16, -15): 45
(-16, -17): 45
(-18, -17): 45
(-18, -15): 45
(-20, -15): 45
(-20, -17): 45
(-22, -17): 45
(-22, -15): 45
(-23, -15): 46
(-23, -17): 46
(-23, -19): 46
(-23, -21): 46
(-25, -23): 46
(-27, -23): 46
(-29, -23): 46
(-31, -23): 46
(-33, -23): 46
(-35, -23): 46
(-25, -21): 46
(-27, -21): 46
(-29, -21): 46
(-31, -21): 46
(-33, -21): 46
(-35, -21): 46
(-35, -19): 46
(-33, -19): 46
(-31, -19): 46
(-29, -19): 46
(-27, -19): 46
(-25, -19): 46
(-25, -17): 46
(-27, -17): 46
(-29, -17): 46
(-31, -17): 46
(-33, -17): 46
(-35, -17): 46
(-35, -15): 46
(-33, -15): 46
(-31, -15): 46
(-29, -15): 46
(-27, -15): 46
(-25, -15): 46
(-25, -25): 46
(-27, -25): 46
(-29, -25): 46
(-31, -25): 46
(-33, -25): 46
(-35, -25): 46
(-35, -27): 46
(-33, -27): 46
(-31, -27): 46
(-29, -27): 46
(-27, -27): 46
(-25, -27): 46
(-25, -29): 46
(-27, -29): 46
(-29, -29): 46
(-31, -29): 46
(-33, -29): 46
(-35, -29): 46
(-35, -31): 46
(-33, -31): 46
(-31, -31): 46
(-29, -31): 46
(-27, -31): 46
(-25, -31): 46
(-25, -33): 46
(-27, -33): 46
(-29, -33): 46
(-31, -33): 46
(-33, -33): 46
(-35, -33): 46
(-34, -15): 45
(-32, -15): 45
(-36, -15): 45
(-36, -17): 45
(-36, -19): 45
(-36, -21): 45
(-36, -23): 45
(-36, -27): 45
(-36, -25): 45
(-34, -27): 45
(-34, -25): 45
(-34, -23): 45
(-34, -21): 45
(-34, -19): 45
(-34, -17): 45
(-32, -17): 45
(-32, -19): 45
(-32, -22): 42
(-32, -21): 45
(-32, -23): 45
(-32, -24): 42
(-32, -25): 45
(-32, -26): 42
(-32, -27): 45
(-30, -27): 45
(-30, -26): 42
(-30, -25): 45
(-30, -24): 42
(-30, -23): 45
(-30, -22): 42
(-30, -21): 45
(-30, -20): 42
(-30, -19): 45
(-30, -18): 42
(-30, -17): 45
(-30, -16): 42
(-30, -15): 45
(-28, -16): 42
(-28, -15): 45
(-28, -17): 45
(-28, -18): 42
(-28, -20): 42
(-28, -21): 45
(-28, -22): 42
(-28, -23): 45
(-28, -24): 42
(-28, -25): 45
(-28, -26): 42
(-28, -27): 45
(-28, -19): 45
(-26, -27): 45
(-26, -26): 42
(-26, -25): 45
(-26, -24): 42
(-26, -23): 45
(-26, -22): 42
(-26, -21): 45
(-26, -20): 42
(-26, -19): 45
(-26, -18): 42
(-26, -17): 45
(-26, -16): 42
(-26, -15): 45
(-24, -15): 45
(-24, -16): 42
(-24, -18): 42
(-24, -19): 45
(-24, -20): 42
(-24, -21): 45
(-23, -16): 43
(-25, -16): 43
(-27, -16): 43
(-29, -16): 43
(-31, -16): 43
(-32, -16): 42
(-33, -16): 43
(-34, -16): 42
(-35, -16): 43
(-36, -16): 42
(-36, -18): 42
(-35, -18): 43
(-34, -18): 42
(-33, -18): 43
(-32, -18): 42
(-31, -18): 43
(-29, -18): 43
(-27, -18): 43
(-25, -18): 43
(-23, -18): 43
(-23, -20): 43
(-25, -20): 43
(-27, -20): 43
(-29, -20): 43
(-31, -20): 43
(-32, -20): 42
(-33, -20): 43
(-34, -20): 42
(-35, -20): 43
(-36, -20): 42
(-36, -22): 42
(-35, -22): 43
(-34, -22): 42
(-33, -22): 43
(-31, -22): 43
(-29, -22): 43
(-27, -22): 43
(-25, -22): 43
(-25, -24): 43
(-29, -24): 43
(-31, -24): 43
(-33, -24): 43
(-34, -24): 42
(-35, -24): 43
(-36, -24): 42
(-36, -26): 42
(-35, -26): 43
(-34, -26): 42
(-33, -26): 43
(-31, -26): 43
(-29, -26): 43
(-27, -26): 43
(-25, -26): 43
(-27, -24): 43
(-24, -17): 45
(-23, -14): 43
(-24, -14): 42
(-25, -14): 43
(-26, -14): 42
(-27, -14): 43
(-28, -14): 42
(-29, -14): 43
(-30, -14): 42
(-31, -14): 43
(-32, -14): 42
(-33, -14): 43
(-34, -14): 42
(-35, -14): 43
(-36, -14): 42
(-26, -28): 42
(-26, -29): 45
(-26, -30): 43
(-26, -31): 45
(-26, -32): 42
(-26, -33): 45
(-26, -34): 42
(-28, -28): 42
(-28, -29): 45
(-28, -30): 42
(-28, -31): 45
(-28, -32): 42
(-28, -33): 45
(-28, -34): 42
(-30, -28): 42
(-30, -29): 45
(-30, -31): 45
(-30, -32): 42
(-30, -33): 45
(-30, -34): 42
(-32, -28): 42
(-32, -29): 45
(-32, -30): 42
(-32, -31): 45
(-33, -32): 43
(-32, -33): 45
(-32, -34): 42
(-32, -32): 42
(-34, -28): 42
(-34, -30): 42
(-34, -31): 45
(-34, -32): 42
(-34, -33): 45
(-34, -34): 42
(-36, -28): 42
(-36, -29): 45
(-36, -30): 42
(-36, -31): 45
(-36, -32): 42
(-36, -33): 45
(-36, -34): 42
(-31, -28): 43
(-29, -28): 43
(-27, -28): 43
(-25, -28): 43
(-33, -28): 43
(-35, -28): 43
(-35, -30): 43
(-33, -30): 43
(-31, -30): 43
(-30, -30): 42
(-25, -30): 43
(-27, -30): 43
(-29, -30): 43
(-35, -32): 43
(-31, -32): 43
(-29, -32): 43
(-27, -32): 43
(-25, -32): 43
(-34, -29): 45
(-36, -36): 42
(-22, -34): 42
(-22, -36): 42
(-22, -38): 42
(-20, -38): 42
(-26, -36): 42
(-26, -38): 42
(-24, -38): 42
(-24, -36): 42
(-24, -34): 42
(-28, -36): 42
(-28, -38): 42
(-30, -38): 42
(-30, -36): 42
(-32, -36): 42
(-32, -38): 42
(-34, -38): 42
(-34, -36): 42
(-36, -38): 42
(-35, -34): 43
(-33, -34): 43
(-31, -34): 43
(-29, -34): 43
(-27, -34): 43
(-25, -34): 43
(-23, -34): 43
(-21, -34): 43
(-21, -36): 43
(-21, -38): 43
(-23, -38): 43
(-23, -36): 43
(-25, -36): 43
(-25, -38): 43
(-27, -38): 43
(-27, -36): 43
(-29, -36): 43
(-29, -38): 43
(-31, -38): 43
(-31, -36): 43
(-33, -36): 43
(-33, -38): 43
(-35, -38): 43
(-35, -36): 43
(-21, -35): 46
(-23, -35): 46
(-25, -35): 46
(-27, -35): 46
(-29, -35): 46
(-31, -35): 46
(-33, -35): 46
(-35, -35): 46
(-35, -37): 46
(-33, -37): 46
(-31, -37): 46
(-29, -37): 46
(-27, -37): 46
(-25, -37): 46
(-23, -37): 46
(-21, -37): 46
(-22, -35): 45
(-24, -35): 45
(-26, -35): 45
(-28, -35): 45
(-30, -35): 45
(-32, -35): 45
(-34, -35): 45
(-36, -35): 45
(-36, -37): 45
(-34, -37): 45
(-32, -37): 45
(-30, -37): 45
(-28, -37): 45
(-26, -37): 45
(-24, -37): 45
(-22, -37): 45
(-17, -34): 43
(-17, -36): 43
(-19, -36): 37
(-19, -38): 43
(-17, -38): 43
(-15, -34): 43
(-15, -36): 43
(-15, -38): 43
(-13, -38): 43
(-13, -36): 43
(-13, -34): 43
(-11, -34): 43
(-9, -34): 43
(-7, -34): 43
(-5, -34): 43
(-5, -36): 43
(-11, -38): 43
(-11, -36): 43
(-9, -36): 43
(-7, -36): 43
(-9, -38): 43
(-7, -38): 43
(-5, -38): 43
(-3, -38): 43
(-3, -36): 43
(-3, -34): 43
(-1, -34): 43
(1, -34): 43
(1, -36): 43
(-1, -36): 43
(-1, -38): 43
(1, -38): 43
(0, -34): 42
(0, -36): 42
(0, -38): 42
(-2, -38): 42
(-2, -36): 42
(-2, -34): 42
(-4, -34): 42
(-4, -36): 42
(-4, -38): 42
(-6, -38): 42
(-6, -36): 42
(-6, -34): 42
(-8, -34): 42
(-8, -36): 42
(-8, -38): 42
(-10, -38): 42
(-10, -36): 42
(-10, -34): 42
(-12, -34): 42
(-12, -36): 42
(-12, -38): 42
(-14, -38): 42
(-14, -36): 42
(-14, -34): 42
(-16, -34): 42
(-16, -36): 42
(-16, -38): 42
(-18, -38): 42
(-18, -36): 42
(-18, -34): 42
(-20, -36): 36
(-1, -35): 46
(1, -35): 46
(1, -37): 46
(-1, -37): 46
(-3, -37): 46
(-5, -37): 46
(-7, -37): 46
(-9, -37): 46
(-11, -37): 46
(-13, -37): 46
(-15, -37): 46
(-17, -37): 46
(-19, -37): 46
(-17, -35): 46
(-15, -35): 46
(-13, -35): 46
(-11, -35): 46
(-9, -35): 46
(-7, -35): 46
(-5, -35): 46
(-3, -35): 46
(0, -35): 45
(-2, -35): 45
(-4, -35): 45
(-6, -35): 45
(-8, -35): 45
(-10, -35): 45
(-12, -35): 45
(-14, -35): 45
(-16, -35): 45
(-18, -35): 45
(-20, -37): 45
(-18, -37): 45
(-16, -37): 45
(-14, -37): 45
(-12, -37): 45
(-10, -37): 45
(-8, -37): 45
(-6, -37): 45
(-4, -37): 45
(-2, -37): 45
(0, -37): 45
(-20, -35): 39
(2, -34): 42
(4, -34): 42
(2, -36): 42
(2, -38): 42
(4, -38): 42
(6, -38): 42
(8, -38): 42
(10, -38): 42
(12, -38): 42
(14, -38): 42
(16, -38): 42
(18, -38): 42
(20, -38): 42
(22, -38): 42
(22, -36): 42
(20, -36): 42
(18, -36): 42
(16, -36): 42
(14, -36): 42
(12, -36): 42
(10, -36): 42
(8, -36): 42
(6, -36): 42
(4, -36): 42
(6, -34): 42
(8, -34): 42
(10, -34): 42
(12, -34): 42
(14, -34): 42
(16, -34): 42
(18, -34): 42
(20, -34): 42
(22, -34): 42
(23, -34): 43
(23, -36): 43
(21, -38): 43
(21, -36): 43
(21, -34): 43
(19, -34): 43
(19, -36): 43
(19, -38): 43
(17, -38): 43
(17, -36): 43
(17, -34): 43
(15, -34): 43
(15, -36): 43
(15, -38): 43
(13, -38): 43
(13, -36): 43
(13, -34): 43
(11, -34): 43
(11, -36): 43
(11, -38): 43
(9, -38): 43
(9, -36): 43
(9, -34): 43
(7, -34): 43
(7, -36): 43
(7, -38): 43
(5, -38): 43
(5, -36): 43
(5, -34): 43
(3, -34): 43
(3, -36): 43
(3, -38): 43
(23, -35): 46
(23, -37): 46
(21, -37): 46
(19, -37): 46
(17, -37): 46
(15, -37): 46
(13, -37): 46
(11, -37): 46
(9, -37): 46
(7, -37): 46
(5, -37): 46
(3, -37): 46
(3, -35): 46
(5, -35): 46
(7, -35): 46
(9, -35): 46
(11, -35): 46
(13, -35): 46
(15, -35): 46
(17, -35): 46
(19, -35): 46
(21, -35): 46
(22, -35): 45
(20, -35): 45
(18, -35): 45
(16, -35): 45
(14, -35): 45
(12, -35): 45
(10, -35): 45
(8, -35): 45
(6, -35): 45
(4, -35): 45
(2, -35): 45
(2, -37): 45
(4, -37): 45
(6, -37): 45
(8, -37): 45
(10, -37): 45
(12, -37): 45
(14, -37): 45
(16, -37): 45
(18, -37): 45
(20, -37): 45
(22, -37): 45
(25, -34): 43
(27, -34): 43
(29, -34): 43
(31, -34): 43
(33, -34): 43
(35, -34): 43
(35, -36): 43
(35, -38): 43
(33, -38): 43
(33, -36): 43
(31, -36): 43
(31, -38): 43
(29, -36): 43
(27, -36): 43
(25, -36): 43
(27, -38): 43
(29, -38): 43
(24, -36): 42
(24, -34): 42
(26, -34): 42
(26, -36): 42
(28, -38): 42
(28, -36): 42
(28, -34): 42
(30, -34): 42
(30, -36): 42
(30, -38): 42
(32, -38): 42
(32, -36): 42
(32, -34): 42
(34, -34): 42
(34, -36): 42
(34, -38): 42
(35, -35): 46
(33, -35): 46
(31, -35): 46
(29, -35): 46
(27, -35): 46
(25, -35): 46
(25, -37): 46
(27, -37): 46
(29, -37): 46
(31, -37): 46
(33, -37): 46
(35, -37): 46
(34, -35): 45
(34, -37): 45
(32, -37): 45
(30, -37): 45
(28, -37): 45
(26, -37): 45
(24, -37): 45
(24, -35): 45
(26, -35): 45
(28, -35): 45
(30, -35): 45
(32, -35): 45
(-20, -39): 45
(-22, -39): 45
(-24, -39): 45
(-26, -39): 45
(-18, -39): 45
(-20, -41): 45
(-18, -41): 45
(-20, -42): 42
(-20, -40): 42
(-18, -40): 42
(-18, -42): 42
(-22, -40): 42
(-22, -42): 42
(-24, -42): 42
(-26, -42): 42
(-16, -42): 42
(-16, -40): 42
(-14, -40): 42
(-14, -42): 42
(-22, -41): 45
(-24, -41): 45
(-26, -41): 45
(-16, -41): 45
(-16, -39): 45
(-14, -39): 45
(-14, -41): 45
(-12, -39): 45
(-10, -39): 45
(-8, -39): 45
(-8, -41): 45
(-12, -41): 45
(-10, -41): 45
(-7, -39): 46
(-7, -41): 46
(-9, -41): 46
(-9, -39): 46
(-11, -39): 46
(-11, -41): 46
(-13, -39): 46
(-13, -41): 46
(-15, -39): 46
(-15, -41): 46
(-17, -41): 46
(-17, -39): 46
(-19, -39): 46
(-19, -41): 46
(-21, -41): 46
(-21, -39): 46
(-23, -39): 46
(-23, -41): 46
(-25, -39): 46
(-25, -41): 46
(-15, -40): 43
(-13, -40): 43
(-11, -40): 43
(-9, -40): 43
(-7, -40): 43
(-8, -40): 42
(-10, -40): 42
(-12, -40): 42
(-17, -40): 43
(-19, -40): 43
(-21, -40): 43
(-23, -40): 43
(-25, -40): 43
(-7, -42): 43
(-9, -42): 43
(-11, -42): 43
(-13, -42): 43
(-15, -42): 43
(-17, -42): 43
(-19, -42): 43
(-21, -42): 43
(-23, -42): 43
(-25, -42): 43
(-8, -42): 42
(-10, -42): 42
(-12, -42): 42
(-24, -40): 42
(-26, -40): 42
(-28, -39): 45
(-30, -39): 45
(-32, -39): 45
(-27, -39): 46
(-29, -39): 46
(-31, -39): 46
(-28, -40): 42
(-30, -40): 42
(-32, -40): 42
(-27, -40): 43
(-29, -40): 43
(-31, -40): 43
(-27, -42): 43
(-29, -42): 43
(-31, -42): 43
(-27, -41): 46
(-29, -41): 46
(-31, -41): 46
(-28, -41): 45
(-30, -41): 45
(-32, -41): 45
(-28, -42): 42
(-30, -42): 42
(-32, -42): 42
(16, -22): 31
(18, -22): 31
(20, -22): 31
(21, -22): 32
(19, -22): 32
(17, -22): 32
(22, -21): 33
(24, -21): 33
(25, -21): 34
(23, -21): 34
(22, -22): 31
(24, -22): 31
(25, -22): 32
(23, -22): 32
(22, -20): 42
(24, -20): 42
(25, -20): 43
(23, -20): 43
(22, -18): 42
(24, -18): 42
(22, -16): 42
(22, -14): 42
(24, -14): 42
(24, -16): 42
(26, -14): 42
(26, -16): 42
(26, -18): 42
(23, -18): 43
(23, -16): 43
(23, -14): 43
(25, -14): 43
(25, -16): 43
(25, -18): 43
(27, -18): 43
(27, -16): 43
(27, -14): 43
(23, -13): 46
(25, -13): 46
(27, -13): 46
(27, -15): 46
(25, -15): 46
(23, -15): 46
(23, -17): 46
(25, -17): 46
(27, -17): 46
(23, -19): 46
(25, -19): 46
(27, -19): 34
(26, -19): 33
(24, -13): 45
(22, -15): 45
(22, -17): 45
(22, -19): 45
(24, -19): 45
(24, -17): 45
(24, -15): 45
(26, -15): 45
(26, -17): 45
(26, -13): 45
(26, -20): 38
(27, -20): 32
(28, -19): 33
(30, -19): 33
(32, -19): 33
(34, -19): 33
(35, -19): 34
(33, -19): 34
(31, -19): 34
(29, -19): 34
(29, -18): 43
(31, -18): 43
(31, -16): 43
(29, -16): 43
(29, -14): 43
(31, -14): 43
(33, -14): 43
(33, -16): 43
(33, -18): 43
(35, -18): 43
(35, -16): 43
(35, -14): 43
(34, -14): 42
(34, -16): 42
(34, -18): 42
(32, -18): 42
(30, -18): 42
(28, -18): 42
(28, -16): 42
(28, -14): 42
(30, -14): 42
(32, -14): 42
(32, -16): 42
(30, -16): 42
(35, -13): 46
(33, -13): 46
(31, -13): 46
(29, -13): 46
(29, -15): 46
(31, -15): 46
(33, -15): 46
(35, -15): 46
(35, -17): 46
(33, -17): 46
(31, -17): 46
(29, -17): 46
(34, -13): 45
(34, -15): 45
(34, -17): 45
(32, -17): 45
(32, -15): 45
(32, -13): 45
(30, -13): 45
(30, -15): 45
(30, -17): 45
(28, -17): 45
(28, -15): 45
(28, -13): 45
(35, -20): 32
(33, -20): 32
(31, -20): 32
(29, -20): 32
(32, -20): 31
(30, -20): 31
(28, -20): 31
(34, -20): 31
(36, -19): 33
(38, -19): 33
(40, -19): 33
(37, -19): 34
(39, -19): 34
(41, -19): 34
(37, -18): 43
(39, -18): 43
(41, -18): 43
(36, -18): 42
(38, -18): 42
(40, -18): 42
(42, -18): 38
(42, -17): 33
(43, -17): 34
(45, -17): 34
(47, -17): 34
(49, -17): 34
(51, -17): 34
(53, -17): 34
(52, -17): 33
(50, -17): 33
(48, -17): 33
(46, -17): 33
(44, -17): 33
(53, -18): 35
(51, -18): 32
(49, -18): 32
(47, -18): 32
(45, -18): 32
(43, -18): 32
(41, -17): 46
(39, -17): 46
(37, -17): 46
(37, -15): 46
(39, -15): 46
(41, -15): 46
(43, -15): 46
(45, -15): 46
(47, -15): 46
(49, -15): 46
(51, -15): 46
(53, -15): 46
(53, -13): 46
(49, -13): 46
(51, -13): 46
(47, -13): 46
(45, -13): 46
(43, -13): 46
(41, -13): 46
(39, -13): 46
(37, -13): 46
(50, -13): 45
(50, -15): 45
(52, -13): 45
(52, -15): 45
(48, -15): 45
(48, -13): 45
(46, -13): 45
(46, -15): 45
(44, -15): 45
(44, -13): 45
(42, -13): 45
(42, -15): 45
(40, -15): 45
(40, -13): 45
(38, -13): 45
(38, -15): 45
(36, -13): 45
(36, -15): 45
(36, -17): 45
(38, -17): 45
(40, -17): 45
(36, -16): 42
(38, -16): 42
(36, -14): 42
(38, -14): 42
(40, -14): 42
(42, -14): 42
(44, -14): 42
(46, -14): 42
(48, -14): 42
(50, -14): 42
(52, -14): 42
(52, -16): 42
(50, -16): 42
(48, -16): 42
(46, -16): 42
(44, -16): 42
(42, -16): 42
(40, -16): 42
(37, -16): 43
(37, -14): 43
(39, -14): 43
(39, -16): 43
(41, -16): 43
(41, -14): 43
(43, -14): 43
(43, -16): 43
(45, -16): 43
(45, -14): 43
(47, -14): 43
(47, -16): 43
(49, -16): 43
(49, -14): 43
(51, -14): 43
(51, -16): 43
(53, -16): 43
(53, -14): 43
(52, -18): 31
(50, -18): 31
(48, -18): 31
(46, -18): 31
(44, -18): 31
(42, -12): 42
(44, -12): 42
(46, -12): 42
(48, -12): 42
(50, -12): 42
(52, -12): 42
(52, -10): 42
(50, -10): 42
(48, -10): 42
(46, -10): 42
(44, -10): 42
(42, -10): 42
(40, -10): 42
(38, -10): 42
(36, -10): 42
(40, -12): 42
(38, -12): 42
(36, -12): 42
(37, -12): 43
(37, -10): 43
(39, -10): 43
(39, -12): 43
(41, -12): 43
(41, -10): 43
(43, -10): 43
(43, -12): 43
(45, -12): 43
(45, -10): 43
(47, -10): 43
(47, -12): 43
(49, -12): 43
(49, -10): 43
(51, -10): 43
(51, -11): 46
(51, -12): 43
(53, -12): 43
(53, -10): 43
(53, -11): 46
(49, -11): 46
(47, -11): 46
(45, -11): 46
(43, -11): 46
(41, -11): 46
(39, -11): 46
(37, -11): 46
(52, -11): 45
(50, -11): 45
(48, -11): 45
(46, -11): 45
(44, -11): 45
(42, -11): 45
(40, -11): 45
(38, -11): 45
(36, -11): 45
(54, -15): 45
(54, -17): 45
(54, -19): 45
(54, -21): 45
(54, -23): 45
(54, -25): 45
(54, -27): 45
(55, -15): 46
(55, -17): 46
(55, -19): 46
(55, -21): 46
(55, -23): 46
(55, -25): 46
(55, -27): 46
(54, -18): 42
(54, -16): 42
(54, -20): 42
(54, -22): 42
(54, -24): 42
(54, -26): 42
(55, -16): 43
(55, -18): 43
(55, -20): 43
(55, -22): 43
(55, -24): 43
(55, -26): 43
(53, -20): 35
(53, -22): 35
(53, -24): 35
(53, -26): 35
(54, -28): 42
(55, -28): 43
(56, -28): 42
(58, -28): 42
(60, -28): 42
(62, -28): 42
(54, -29): 33
(56, -29): 33
(58, -29): 33
(60, -29): 33
(62, -29): 33
(64, -29): 33
(65, -29): 34
(63, -29): 34
(61, -29): 34
(59, -29): 34
(57, -29): 34
(55, -29): 34
(57, -28): 43
(59, -28): 43
(61, -28): 43
(63, -28): 43
(65, -28): 43
(64, -28): 42
(56, -27): 45
(58, -27): 45
(60, -27): 45
(62, -27): 45
(64, -27): 45
(65, -27): 46
(63, -27): 46
(61, -27): 46
(59, -27): 46
(57, -27): 46
(54, -30): 31
(56, -30): 31
(58, -30): 31
(60, -30): 31
(62, -30): 31
(64, -30): 31
(65, -30): 32
(63, -30): 32
(61, -30): 32
(59, -30): 32
(57, -30): 32
(55, -30): 32
(53, -28): 35
(48, -25): 40
(47, -25): 39
(48, -26): 37
(47, -26): 36
(47, -27): 45
(47, -29): 45
(48, -27): 46
(48, -29): 46
(48, -28): 43
(47, -28): 42
(47, -30): 42
(48, -30): 43
(47, -31): 33
(48, -31): 34
(47, -32): 31
(48, -32): 32
(46, -26): 35
(46, -28): 35
(46, -30): 35
(49, -26): 38
(49, -28): 38
(49, -30): 38
(36, -31): 39
(37, -31): 40
(36, -32): 36
(36, -33): 45
(37, -32): 37
(36, -35): 45
(37, -33): 46
(37, -35): 46
(36, -34): 42
(37, -34): 43
(38, -35): 39
(40, -35): 39
(42, -35): 39
(44, -35): 39
(46, -35): 39
(48, -35): 39
(50, -35): 39
(52, -35): 39
(54, -35): 39
(56, -35): 39
(58, -35): 39
(60, -35): 39
(62, -35): 39
(64, -35): 39
(65, -35): 40
(63, -35): 40
(61, -35): 40
(59, -35): 40
(57, -35): 40
(55, -35): 40
(53, -35): 40
(51, -35): 40
(49, -35): 40
(47, -35): 40
(45, -35): 40
(43, -35): 40
(41, -35): 40
(39, -35): 40
(36, -36): 42
(37, -36): 43
(38, -36): 36
(40, -36): 36
(42, -36): 36
(44, -36): 36
(46, -36): 36
(48, -36): 36
(50, -36): 36
(52, -36): 36
(54, -36): 36
(56, -36): 36
(55, -36): 37
(53, -36): 37
(51, -36): 37
(49, -36): 37
(47, -36): 37
(45, -36): 37
(43, -36): 37
(41, -36): 37
(39, -36): 37
(36, -37): 45
(38, -37): 45
(40, -37): 45
(42, -37): 45
(44, -37): 45
(46, -37): 45
(48, -37): 45
(50, -37): 45
(52, -37): 45
(54, -37): 45
(55, -37): 46
(53, -37): 46
(51, -37): 46
(49, -37): 46
(47, -37): 46
(45, -37): 46
(43, -37): 46
(41, -37): 46
(39, -37): 46
(37, -37): 46
(36, -38): 42
(38, -38): 42
(40, -38): 42
(42, -38): 42
(44, -38): 42
(46, -38): 42
(48, -38): 42
(50, -38): 42
(52, -38): 42
(54, -38): 42
(55, -38): 43
(53, -38): 43
(51, -38): 43
(49, -38): 43
(47, -38): 43
(45, -38): 43
(43, -38): 43
(41, -38): 43
(39, -38): 43
(37, -38): 43
(56, -38): 42
(58, -38): 42
(60, -38): 42
(62, -38): 42
(64, -38): 42
(65, -38): 43
(63, -38): 43
(57, -38): 43
(59, -38): 43
(61, -38): 43
(56, -37): 45
(58, -37): 45
(60, -37): 45
(62, -37): 45
(64, -37): 45
(65, -37): 46
(63, -37): 46
(61, -37): 46
(59, -37): 46
(57, -37): 46
(57, -36): 37
(59, -36): 37
(61, -36): 37
(63, -36): 37
(65, -36): 37
(64, -36): 36
(62, -36): 36
(60, -36): 36
(58, -36): 36
(38, -39): 45
(38, -41): 45
(40, -39): 45
(40, -41): 45
(36, -39): 45
(36, -41): 45
(34, -41): 45
(34, -39): 45
(32, -39): 45
(32, -41): 45
(42, -39): 45
(42, -41): 45
(44, -39): 45
(44, -41): 45
(46, -39): 45
(46, -41): 45
(48, -39): 45
(48, -41): 45
(50, -39): 45
(50, -41): 45
(52, -39): 45
(52, -41): 45
(54, -39): 45
(54, -41): 45
(56, -39): 45
(56, -41): 45
(58, -41): 45
(58, -39): 45
(60, -39): 45
(60, -41): 45
(62, -41): 45
(64, -41): 45
(62, -39): 45
(64, -39): 45
(65, -39): 46
(65, -41): 46
(63, -39): 46
(63, -41): 46
(61, -39): 46
(61, -41): 46
(59, -39): 46
(59, -41): 46
(57, -39): 46
(57, -41): 46
(55, -39): 46
(55, -41): 46
(53, -39): 46
(53, -41): 46
(51, -39): 46
(51, -41): 46
(49, -39): 46
(49, -41): 46
(47, -39): 46
(47, -41): 46
(43, -39): 46
(43, -41): 46
(45, -41): 46
(45, -39): 46
(41, -39): 46
(41, -41): 46
(39, -41): 46
(39, -39): 46
(37, -39): 46
(37, -41): 46
(35, -39): 46
(35, -41): 46
(33, -41): 46
(33, -39): 46
(31, -39): 46
(31, -41): 46
(29, -39): 46
(29, -41): 46
(28, -41): 45
(30, -39): 45
(30, -41): 45
(28, -40): 42
(30, -40): 42
(32, -40): 42
(34, -40): 42
(36, -40): 42
(38, -40): 42
(40, -40): 42
(42, -40): 42
(44, -40): 42
(46, -40): 42
(48, -40): 42
(50, -40): 42
(52, -40): 42
(54, -40): 42
(56, -40): 42
(58, -40): 42
(60, -40): 42
(62, -40): 42
(64, -40): 42
(65, -40): 43
(63, -40): 43
(61, -40): 43
(59, -40): 43
(57, -40): 43
(55, -40): 43
(53, -40): 43
(51, -40): 43
(49, -40): 43
(47, -40): 43
(45, -40): 43
(43, -40): 43
(41, -40): 43
(39, -40): 43
(37, -40): 43
(35, -40): 43
(33, -40): 43
(31, -40): 43
(29, -40): 43
(50, -42): 42
(48, -42): 42
(46, -42): 42
(44, -42): 42
(42, -42): 42
(40, -42): 42
(38, -42): 42
(36, -42): 42
(34, -42): 42
(32, -42): 42
(30, -42): 42
(28, -42): 42
(52, -42): 42
(54, -42): 42
(56, -42): 42
(58, -42): 42
(60, -42): 42
(62, -42): 42
(64, -42): 42
(65, -42): 43
(63, -42): 43
(61, -42): 43
(59, -42): 43
(57, -42): 43
(55, -42): 43
(53, -42): 43
(51, -42): 43
(49, -42): 43
(47, -42): 43
(45, -42): 43
(43, -42): 43
(41, -42): 43
(39, -42): 43
(37, -42): 43
(35, -42): 43
(33, -42): 43
(31, -42): 43
(29, -42): 43
(38, -32): 38
(38, -34): 38
(56, -26): 42
(56, -24): 42
(56, -22): 42
(56, -20): 42
(56, -18): 42
(56, -16): 42
(56, -14): 42
(54, -14): 42
(54, -12): 42
(54, -10): 42
(56, -10): 42
(56, -12): 42
(58, -10): 42
(58, -12): 42
(58, -14): 42
(58, -16): 42
(58, -18): 42
(58, -20): 42
(58, -22): 42
(58, -24): 42
(60, -24): 42
(60, -22): 42
(60, -20): 42
(60, -18): 42
(60, -16): 42
(60, -14): 42
(60, -12): 42
(60, -10): 42
(62, -10): 42
(62, -12): 42
(62, -14): 42
(62, -16): 42
(62, -18): 42
(62, -20): 42
(62, -22): 42
(62, -24): 42
(58, -26): 42
(60, -26): 42
(62, -26): 42
(64, -26): 42
(64, -24): 42
(64, -22): 42
(64, -20): 42
(64, -18): 42
(64, -16): 42
(64, -14): 42
(64, -12): 42
(64, -10): 42
(57, -26): 43
(57, -24): 43
(57, -22): 43
(57, -20): 43
(57, -18): 43
(57, -16): 43
(57, -14): 43
(55, -14): 43
(55, -12): 43
(55, -10): 43
(57, -10): 43
(57, -12): 43
(59, -10): 43
(59, -12): 43
(59, -14): 43
(59, -16): 43
(61, -16): 43
(61, -14): 43
(61, -12): 43
(61, -10): 43
(63, -10): 43
(63, -12): 43
(63, -14): 43
(63, -16): 43
(65, -16): 43
(65, -14): 43
(65, -12): 43
(65, -10): 43
(59, -18): 43
(59, -20): 43
(59, -22): 43
(59, -24): 43
(61, -24): 43
(61, -22): 43
(61, -20): 43
(61, -18): 43
(63, -18): 43
(65, -18): 43
(65, -20): 43
(63, -20): 43
(63, -22): 43
(65, -22): 43
(65, -24): 43
(63, -24): 43
(65, -26): 43
(63, -26): 43
(61, -26): 43
(59, -26): 43
(56, -15): 45
(58, -15): 45
(60, -15): 45
(62, -15): 45
(64, -15): 45
(64, -17): 45
(62, -17): 45
(60, -17): 45
(58, -17): 45
(56, -17): 45
(56, -19): 45
(58, -19): 45
(60, -19): 45
(62, -19): 45
(64, -19): 45
(64, -21): 45
(62, -21): 45
(60, -21): 45
(58, -21): 45
(56, -21): 45
(56, -23): 45
(56, -25): 45
(58, -25): 45
(58, -23): 45
(60, -23): 45
(60, -25): 45
(62, -25): 45
(62, -23): 45
(64, -23): 45
(64, -25): 45
(65, -25): 46
(63, -25): 46
(61, -25): 46
(59, -25): 46
(57, -25): 46
(57, -23): 46
(59, -23): 46
(61, -23): 46
(63, -23): 46
(65, -23): 46
(57, -21): 46
(57, -19): 46
(57, -17): 46
(57, -15): 46
(59, -15): 46
(59, -17): 46
(59, -19): 46
(59, -21): 46
(61, -21): 46
(61, -19): 46
(61, -17): 46
(61, -15): 46
(63, -15): 46
(63, -17): 46
(63, -19): 46
(63, -21): 46
(65, -21): 46
(65, -19): 46
(65, -17): 46
(65, -15): 46
(54, -13): 45
(56, -13): 45
(58, -13): 45
(60, -13): 45
(62, -13): 45
(64, -13): 45
(65, -13): 46
(63, -13): 46
(61, -13): 46
(59, -13): 46
(57, -13): 46
(55, -13): 46
(54, -11): 45
(56, -11): 45
(58, -11): 45
(60, -11): 45
(62, -11): 45
(64, -11): 45
(65, -11): 46
(63, -11): 46
(61, -11): 46
(59, -11): 46
(57, -11): 46
(55, -11): 46
(74, -22): 172
(66, -18): 38
(66, -20): 38
(66, -22): 38
(66, -24): 38
(66, -26): 38
(66, -28): 38
(67, -15): 46
(69, -15): 46
(71, -15): 46
(73, -15): 46
(75, -15): 46
(77, -15): 46
(79, -15): 46
(78, -15): 45
(76, -15): 45
(74, -15): 45
(72, -15): 45
(70, -15): 45
(68, -15): 45
(66, -15): 45
(66, -16): 36
(68, -16): 36
(70, -16): 36
(72, -16): 36
(74, -16): 36
(76, -16): 36
(78, -16): 36
(79, -16): 37
(77, -16): 37
(75, -16): 37
(73, -16): 37
(71, -16): 37
(69, -16): 37
(67, -16): 37
(66, -17): 33
(68, -17): 33
(70, -17): 33
(72, -17): 33
(74, -17): 33
(76, -17): 33
(78, -17): 33
(79, -17): 34
(77, -17): 34
(75, -17): 34
(73, -17): 34
(71, -17): 34
(69, -17): 34
(67, -17): 34
(76, -18): 31
(77, -18): 32
(75, -18): 32
(73, -18): 32
(71, -18): 32
(69, -18): 32
(67, -18): 32
(68, -18): 31
(70, -18): 31
(72, -18): 31
(74, -18): 31
(78, -18): 31
(66, -14): 42
(68, -14): 42
(70, -14): 42
(72, -14): 42
(74, -14): 42
(76, -14): 42
(78, -14): 42
(79, -14): 43
(77, -14): 43
(75, -14): 43
(73, -14): 43
(71, -14): 43
(69, -14): 43
(67, -14): 43
(66, -13): 45
(68, -13): 45
(70, -13): 45
(72, -13): 45
(74, -13): 45
(76, -13): 45
(78, -13): 45
(79, -13): 46
(77, -13): 46
(75, -13): 46
(73, -13): 46
(71, -13): 46
(69, -13): 46
(67, -13): 46
(79, -12): 37
(77, -12): 37
(75, -12): 37
(78, -12): 36
(76, -12): 36
(74, -12): 36
(74, -11): 39
(76, -11): 39
(78, -11): 39
(79, -11): 40
(77, -11): 40
(75, -11): 40
(80, -12): 38
(80, -14): 38
(80, -16): 38
(73, -12): 43
(71, -12): 43
(69, -12): 43
(71, -10): 43
(69, -8): 43
(69, -10): 43
(67, -12): 43
(67, -10): 43
(70, -12): 42
(72, -12): 42
(70, -10): 42
(68, -10): 42
(68, -12): 42
(66, -12): 42
(66, -10): 42
(68, -8): 42
(66, -8): 42
(67, -8): 43
(66, -11): 45
(68, -11): 45
(70, -11): 45
(71, -11): 46
(69, -11): 46
(67, -11): 46
(72, -10): 36
(73, -10): 37
(73, -11): 46
(72, -11): 45
(73, -9): 40
(72, -9): 39
(71, -7): 40
(70, -7): 39
(71, -8): 37
(70, -8): 36
(72, -8): 38
(71, -9): 46
(70, -9): 45
(69, -5): 40
(67, -5): 40
(68, -5): 39
(66, -5): 39
(69, -6): 37
(67, -6): 37
(68, -6): 36
(66, -6): 36
(69, -7): 46
(69, -9): 46
(67, -9): 46
(67, -7): 46
(68, -7): 45
(68, -9): 45
(66, -9): 45
(66, -7): 45
(65, -7): 40
(63, -7): 40
(61, -7): 40
(64, -7): 39
(62, -7): 39
(60, -7): 39
(65, -8): 37
(63, -8): 37
(61, -8): 37
(64, -8): 36
(62, -8): 36
(60, -8): 36
(65, -9): 46
(63, -9): 46
(60, -9): 45
(61, -9): 46
(64, -9): 45
(62, -9): 45
(59, -9): 46
(59, -7): 46
(59, -5): 46
(59, -3): 46
(59, -1): 46
(59, 1): 46
(59, 3): 46
(58, -9): 45
(58, -7): 45
(58, -5): 45
(58, -3): 45
(58, -1): 45
(58, 1): 45
(58, 3): 45
(56, 3): 45
(56, 1): 45
(56, -5): 45
(56, -3): 45
(56, -1): 45
(56, -7): 45
(56, -9): 45
(57, -9): 46
(57, -7): 46
(57, -5): 46
(57, -3): 46
(57, -1): 46
(57, 1): 46
(57, 3): 46
(59, -4): 43
(59, -2): 43
(59, 0): 43
(59, 2): 43
(59, -6): 43
(59, -8): 43
(57, -8): 43
(57, -6): 43
(57, -4): 43
(57, -2): 43
(57, 0): 43
(57, 2): 43
(59, 4): 43
(57, 4): 43
(56, -8): 42
(56, -6): 42
(56, -4): 42
(56, -2): 42
(56, 0): 42
(56, 2): 42
(58, 2): 42
(58, 0): 42
(58, -2): 42
(58, -4): 42
(58, -6): 42
(58, -8): 42
(56, 4): 42
(58, 4): 42
(59, 5): 46
(59, 7): 46
(57, 7): 46
(57, 5): 46
(58, 5): 45
(56, 5): 45
(56, 7): 45
(58, 7): 45
(59, 6): 43
(57, 6): 43
(58, 6): 42
(56, 6): 42
(27, -39): 46
(25, -39): 46
(27, -41): 46
(25, -41): 46
(26, -41): 45
(24, -41): 45
(24, -39): 45
(26, -39): 45
(28, -39): 45
(25, -38): 43
(23, -38): 43
(25, -40): 43
(27, -40): 43
(27, -42): 43
(25, -42): 43
(26, -42): 42
(24, -42): 42
(24, -40): 42
(26, -40): 42
(26, -38): 42
(24, -38): 42
(55, -9): 46
(53, -9): 46
(55, -7): 46
(53, -7): 46
(55, -5): 46
(53, -5): 46
(55, -3): 46
(53, -3): 46
(55, -1): 46
(53, -1): 46
(53, 1): 46
(55, 1): 46
(55, 3): 46
(53, 3): 46
(53, 5): 46
(55, 5): 46
(55, 7): 46
(53, 7): 46
(53, 9): 46
(55, 9): 46
(57, 9): 46
(59, 9): 46
(59, 11): 46
(57, 11): 46
(55, 11): 46
(53, 11): 46
(58, 11): 45
(58, 9): 45
(56, 9): 45
(56, 11): 45
(54, 11): 45
(54, 9): 45
(54, 7): 45
(54, 5): 45
(54, 3): 45
(54, 1): 45
(54, -1): 45
(52, -1): 45
(52, 1): 45
(52, 3): 45
(52, 5): 45
(52, 7): 45
(52, 9): 45
(52, 11): 45
(52, -3): 45
(52, -5): 45
(52, -7): 45
(52, -9): 45
(54, -9): 45
(54, -7): 45
(54, -5): 45
(54, -3): 45
(55, -2): 43
(53, -2): 43
(53, -4): 43
(55, -4): 43
(55, -6): 43
(53, -6): 43
(53, -8): 43
(55, -8): 43
(55, 2): 43
(55, 0): 43
(53, 0): 43
(53, 2): 43
(54, 2): 42
(54, 0): 42
(54, -2): 42
(54, -4): 42
(54, -6): 42
(54, -8): 42
(52, -8): 42
(52, -6): 42
(52, -4): 42
(52, -2): 42
(52, 0): 42
(52, 2): 42
(55, 4): 43
(53, 4): 43
(53, 6): 43
(55, 6): 43
(55, 8): 43
(53, 8): 43
(57, 8): 43
(59, 8): 43
(59, 10): 43
(57, 10): 43
(55, 10): 43
(53, 10): 43
(52, 10): 42
(52, 8): 42
(52, 6): 42
(52, 4): 42
(54, 4): 42
(54, 6): 42
(54, 8): 42
(54, 10): 42
(56, 10): 42
(56, 8): 42
(58, 8): 42
(58, 10): 42
(60, 10): 38
(60, 8): 38
(60, 6): 38
(60, 4): 38
(60, 2): 38
(60, 0): 38
(60, -2): 38
(60, -4): 38
(60, -6): 38
(70, -6): 38
(65, -6): 35
(74, -10): 38
(84, -3): 39
(86, -3): 39
(88, -3): 39
(89, -3): 40
(87, -3): 40
(85, -3): 40
(83, -3): 40
(89, -4): 37
(87, -4): 37
(85, -4): 37
(88, -4): 36
(86, -4): 36
(84, -4): 36
(82, -5): 45
(86, -5): 45
(88, -5): 45
(89, -5): 46
(87, -5): 46
(82, -6): 42
(84, -6): 42
(86, -6): 42
(88, -6): 42
(89, -6): 43
(87, -6): 43
(85, -6): 43
(83, -6): 43
(82, -7): 33
(83, -7): 34
(82, -8): 31
(83, -8): 35
(83, -5): 46
(83, -4): 37
(82, -4): 36
(82, -3): 39
(84, -5): 45
(85, -5): 46
(85, -7): 46
(84, -7): 45
(85, -8): 37
(84, -8): 36
(84, -9): 33
(85, -9): 34
(84, -10): 31
(85, -10): 35
(86, -7): 45
(86, -9): 45
(86, -11): 45
(86, -13): 45
(86, -15): 45
(86, -17): 45
(86, -18): 36
(88, -7): 45
(88, -9): 45
(88, -11): 45
(88, -13): 45
(88, -15): 45
(88, -17): 45
(87, -7): 46
(89, -7): 46
(89, -9): 46
(89, -11): 46
(89, -15): 46
(89, -17): 46
(87, -17): 46
(87, -15): 46
(87, -13): 46
(87, -11): 46
(87, -9): 46
(86, -8): 42
(86, -10): 42
(86, -12): 42
(86, -14): 42
(86, -16): 42
(88, -16): 42
(88, -14): 42
(88, -12): 42
(88, -10): 42
(88, -8): 42
(87, -8): 43
(87, -10): 43
(87, -12): 43
(87, -14): 43
(87, -16): 43
(89, -8): 43
(89, -10): 43
(89, -12): 43
(89, -16): 43
(87, -18): 37
(89, -18): 37
(88, -18): 36
(86, -19): 33
(87, -19): 34
(88, -19): 33
(89, -19): 34
(86, -20): 31
(87, -20): 32
(89, -20): 35
(88, -20): 31
(85, -12): 35
(85, -14): 35
(85, -16): 35
(85, -18): 35
(81, -4): 35
(81, -6): 35
(89, -13): 46
(89, -14): 37
(90, -3): 39
(91, -3): 40
(92, -3): 45
(92, -1): 45
(92, 1): 45
(92, 3): 45
(92, 5): 45
(92, 7): 45
(92, 9): 45
(92, 11): 45
(92, -5): 45
(90, -5): 45
(90, -7): 45
(92, -7): 45
(90, -9): 45
(92, -9): 45
(92, -11): 45
(90, -11): 45
(90, -13): 45
(92, -13): 45
(90, -15): 45
(92, -15): 45
(92, -17): 45
(90, -17): 45
(90, -19): 45
(92, -19): 45
(90, -21): 45
(92, -21): 45
(92, -23): 45
(90, -23): 45
(90, -25): 45
(92, -25): 45
(92, -27): 45
(90, -27): 45
(90, -29): 45
(92, -29): 45
(90, -31): 45
(90, -33): 45
(90, -35): 45
(90, -37): 45
(90, -39): 45
(90, -41): 45
(92, -41): 45
(92, -39): 45
(92, -37): 45
(92, -35): 45
(92, -33): 45
(92, -31): 45
(94, -31): 45
(94, -33): 45
(94, -35): 45
(94, -37): 45
(94, -39): 45
(94, -41): 45
(96, -41): 45
(96, -39): 45
(96, -37): 45
(96, -35): 45
(96, -33): 45
(96, -31): 45
(94, -29): 45
(96, -29): 45
(98, -29): 45
(98, -31): 45
(98, -33): 45
(98, -35): 45
(98, -37): 45
(98, -39): 45
(98, -41): 45
(98, -27): 45
(96, -27): 45
(94, -27): 45
(94, -25): 45
(96, -25): 45
(98, -25): 45
(98, -23): 45
(96, -23): 45
(94, -23): 45
(94, -21): 45
(96, -21): 45
(98, -21): 45
(98, -19): 45
(94, -19): 45
(96, -19): 45
(94, -17): 45
(94, -15): 45
(94, -13): 45
(94, -11): 45
(96, -11): 45
(96, -13): 45
(96, -15): 45
(96, -17): 45
(98, -17): 45
(98, -15): 45
(98, -13): 45
(98, -11): 45
(98, -9): 45
(96, -9): 45
(94, -9): 45
(94, -7): 45
(96, -7): 45
(98, -7): 45
(98, -5): 45
(96, -5): 45
(94, -5): 45
(94, -3): 45
(96, -3): 45
(98, -3): 45
(94, -1): 45
(96, -1): 45
(98, -1): 45
(98, 1): 45
(96, 1): 45
(94, 1): 45
(94, 3): 45
(96, 3): 45
(98, 3): 45
(98, 5): 45
(96, 5): 45
(94, 5): 45
(94, 7): 45
(96, 7): 45
(98, 7): 45
(98, 9): 45
(96, 9): 45
(94, 9): 45
(94, 11): 45
(96, 11): 45
(98, 11): 45
(99, 11): 46
(97, 11): 46
(93, 11): 46
(93, 9): 46
(93, 7): 46
(93, 5): 46
(93, 3): 46
(93, 1): 46
(93, -1): 46
(95, -1): 46
(95, 1): 46
(95, 3): 46
(95, 5): 46
(95, 7): 46
(95, 9): 46
(95, 11): 46
(97, 9): 46
(97, 7): 46
(97, 5): 46
(97, 3): 46
(97, 1): 46
(97, -1): 46
(99, 9): 46
(99, 7): 46
(99, 5): 46
(99, 3): 46
(99, 1): 46
(99, -1): 46
(99, -3): 46
(99, -5): 46
(93, -3): 46
(95, -3): 46
(97, -3): 46
(97, -5): 46
(95, -5): 46
(93, -5): 46
(91, -5): 46
(91, -7): 46
(93, -7): 46
(93, -9): 46
(91, -9): 46
(91, -11): 46
(91, -13): 46
(91, -15): 46
(93, -15): 46
(93, -13): 46
(93, -11): 46
(95, -15): 46
(95, -13): 46
(95, -11): 46
(95, -9): 46
(95, -7): 46
(97, -7): 46
(97, -9): 46
(97, -11): 46
(97, -13): 46
(97, -15): 46
(99, -15): 46
(99, -13): 46
(99, -11): 46
(99, -9): 46
(99, -7): 46
(90, -14): 42
(92, -14): 42
(94, -14): 42
(96, -14): 42
(98, -14): 42
(98, -12): 42
(96, -12): 42
(94, -12): 42
(92, -12): 42
(90, -12): 42
(90, -10): 42
(92, -10): 42
(94, -10): 42
(96, -10): 42
(98, -10): 42
(90, -8): 42
(92, -8): 42
(94, -8): 42
(96, -8): 42
(98, -8): 42
(90, -6): 42
(92, -6): 42
(94, -6): 42
(96, -6): 42
(98, -6): 42
(90, -4): 36
(92, -4): 42
(94, -4): 42
(96, -4): 42
(98, -4): 42
(92, -2): 42
(94, -2): 42
(96, -2): 42
(98, -2): 42
(99, -2): 43
(97, -2): 43
(95, -2): 43
(93, -2): 43
(91, -4): 37
(93, -4): 43
(95, -4): 43
(97, -4): 43
(99, -4): 43
(99, -6): 43
(97, -6): 43
(95, -6): 43
(93, -6): 43
(91, -6): 43
(91, -8): 43
(93, -8): 43
(95, -8): 43
(97, -8): 43
(99, -8): 43
(99, -10): 43
(97, -10): 43
(95, -10): 43
(93, -10): 43
(91, -10): 43
(91, -12): 43
(93, -12): 43
(95, -12): 43
(97, -12): 43
(99, -12): 43
(91, -14): 43
(93, -14): 43
(95, -14): 43
(97, -14): 43
(99, -14): 43
(99, 0): 43
(97, 0): 43
(95, 0): 43
(93, 0): 43
(93, 2): 43
(95, 2): 43
(97, 2): 43
(99, 2): 43
(99, 4): 43
(97, 4): 43
(95, 4): 43
(93, 4): 43
(93, 6): 43
(95, 6): 43
(97, 6): 43
(99, 6): 43
(93, 8): 43
(93, 10): 43
(95, 10): 43
(97, 10): 43
(99, 10): 43
(99, 8): 43
(97, 8): 43
(95, 8): 43
(92, 10): 42
(92, 8): 42
(92, 6): 42
(92, 4): 42
(92, 2): 42
(92, 0): 42
(94, 0): 42
(94, 2): 42
(94, 4): 42
(94, 6): 42
(94, 8): 42
(94, 10): 42
(96, 10): 42
(96, 8): 42
(96, 6): 42
(96, 4): 42
(96, 2): 42
(96, 0): 42
(98, 0): 42
(98, 2): 42
(98, 4): 42
(98, 6): 42
(98, 8): 42
(98, 10): 42
(91, 10): 35
(91, 8): 35
(91, 6): 35
(91, 4): 35
(91, 2): 35
(91, 0): 35
(91, -2): 35
(91, -17): 46
(93, -17): 46
(95, -17): 46
(97, -17): 46
(99, -17): 46
(99, -19): 46
(97, -19): 46
(95, -19): 46
(93, -19): 46
(91, -19): 46
(91, -21): 46
(93, -21): 46
(95, -21): 46
(97, -21): 46
(99, -21): 46
(99, -23): 46
(97, -23): 46
(95, -23): 46
(93, -23): 46
(91, -23): 46
(91, -25): 46
(91, -27): 46
(93, -27): 46
(93, -25): 46
(95, -25): 46
(95, -27): 46
(97, -27): 46
(97, -25): 46
(99, -25): 46
(99, -27): 46
(99, -16): 43
(97, -16): 43
(95, -16): 43
(93, -16): 43
(91, -16): 43
(91, -18): 43
(93, -18): 43
(95, -18): 43
(97, -18): 43
(99, -18): 43
(99, -20): 43
(97, -20): 43
(95, -20): 43
(93, -20): 43
(91, -20): 43
(91, -22): 43
(93, -22): 43
(95, -22): 43
(97, -22): 43
(99, -22): 43
(99, -24): 43
(97, -24): 43
(95, -24): 43
(93, -24): 43
(91, -24): 43
(91, -26): 43
(93, -26): 43
(95, -26): 43
(97, -26): 43
(98, -26): 42
(99, -26): 43
(98, -24): 42
(98, -22): 42
(98, -20): 42
(98, -18): 42
(98, -16): 42
(96, -16): 42
(96, -18): 42
(96, -20): 42
(96, -22): 42
(96, -24): 42
(96, -26): 42
(94, -26): 42
(92, -26): 42
(90, -26): 42
(90, -24): 42
(92, -24): 42
(94, -24): 42
(94, -22): 42
(92, -22): 42
(90, -22): 42
(90, -20): 42
(92, -20): 42
(94, -20): 42
(94, -18): 42
(92, -18): 42
(90, -18): 42
(90, -16): 42
(92, -16): 42
(94, -16): 42
(89, -22): 35
(89, -24): 35
(89, -26): 35
(89, -28): 35
(89, -30): 35
(89, -32): 35
(89, -34): 35
(89, -36): 35
(89, -38): 37
(89, -42): 43
(91, -29): 46
(91, -31): 46
(91, -33): 46
(91, -35): 46
(91, -37): 46
(93, -37): 46
(93, -35): 46
(93, -33): 46
(93, -31): 46
(93, -29): 46
(95, -29): 46
(95, -31): 46
(95, -33): 46
(95, -35): 46
(95, -37): 46
(97, -37): 46
(97, -35): 46
(97, -33): 46
(97, -31): 46
(97, -29): 46
(99, -29): 46
(99, -31): 46
(99, -33): 46
(99, -35): 46
(99, -37): 46
(99, -28): 43
(97, -28): 43
(95, -28): 43
(93, -28): 43
(91, -28): 43
(91, -30): 43
(93, -30): 43
(95, -30): 43
(97, -30): 43
(99, -30): 43
(90, -28): 42
(92, -28): 42
(94, -28): 42
(96, -28): 42
(98, -28): 42
(98, -30): 42
(96, -30): 42
(94, -30): 42
(92, -30): 42
(90, -30): 42
(90, -32): 42
(92, -32): 42
(94, -32): 42
(96, -32): 42
(98, -32): 42
(98, -34): 42
(96, -34): 42
(94, -34): 42
(92, -34): 42
(90, -34): 42
(90, -36): 42
(92, -36): 42
(94, -36): 42
(96, -36): 42
(98, -36): 42
(98, -38): 42
(96, -38): 42
(94, -38): 42
(92, -38): 42
(90, -38): 42
(91, -32): 43
(93, -32): 43
(97, -32): 43
(95, -32): 43
(99, -32): 43
(99, -34): 43
(97, -34): 43
(95, -34): 43
(93, -34): 43
(91, -34): 43
(91, -36): 43
(93, -36): 43
(95, -36): 43
(97, -36): 43
(99, -36): 43
(91, -38): 43
(93, -38): 43
(95, -38): 43
(97, -38): 43
(99, -38): 43
(99, -39): 46
(99, -41): 46
(97, -41): 46
(97, -39): 46
(95, -39): 46
(95, -41): 46
(93, -41): 46
(93, -39): 46
(91, -39): 46
(91, -41): 46
(99, -40): 43
(97, -40): 43
(95, -40): 43
(93, -40): 43
(91, -40): 43
(91, -42): 43
(93, -42): 43
(95, -42): 43
(97, -42): 43
(99, -42): 43
(98, -40): 42
(96, -40): 42
(94, -40): 42
(92, -40): 42
(90, -40): 42
(90, -42): 42
(92, -42): 42
(94, -42): 42
(96, -42): 42
(98, -42): 42
(66, -39): 39
(68, -39): 39
(70, -39): 39
(72, -39): 39
(74, -39): 39
(76, -39): 39
(78, -39): 39
(80, -39): 39
(82, -39): 39
(84, -39): 39
(86, -39): 45
(88, -39): 45
(88, -37): 39
(86, -37): 39
(88, -41): 45
(86, -41): 45
(84, -41): 45
(82, -41): 45
(80, -41): 45
(78, -41): 45
(76, -41): 45
(74, -41): 45
(72, -41): 45
(70, -41): 45
(68, -41): 45
(66, -41): 45
(85, -39): 40
(83, -39): 40
(81, -39): 40
(79, -39): 40
(77, -39): 40
(75, -39): 40
(73, -39): 40
(71, -39): 40
(69, -39): 40
(67, -39): 40
(87, -37): 40
(89, -37): 40
(87, -38): 37
(88, -38): 36
(86, -38): 36
(87, -39): 46
(89, -39): 46
(89, -41): 46
(87, -41): 46
(85, -41): 46
(83, -41): 46
(81, -41): 46
(79, -41): 46
(77, -41): 46
(75, -41): 46
(73, -41): 46
(71, -41): 46
(69, -41): 46
(67, -41): 46
(89, -40): 37
(87, -40): 37
(85, -40): 37
(83, -40): 37
(81, -40): 37
(79, -40): 37
(77, -40): 37
(75, -40): 37
(73, -40): 37
(71, -40): 37
(69, -40): 37
(67, -40): 37
(88, -40): 36
(86, -40): 36
(84, -40): 36
(82, -40): 36
(80, -40): 36
(78, -40): 36
(76, -40): 36
(74, -40): 36
(72, -40): 36
(70, -40): 36
(68, -40): 36
(66, -40): 36
(66, -42): 42
(68, -42): 42
(70, -42): 42
(72, -42): 42
(74, -42): 42
(76, -42): 42
(78, -42): 42
(80, -42): 42
(82, -42): 42
(84, -42): 42
(86, -42): 42
(88, -42): 42
(87, -42): 43
(85, -42): 43
(83, -42): 43
(81, -42): 43
(79, -42): 43
(77, -42): 43
(75, -42): 43
(73, -42): 43
(71, -42): 43
(69, -42): 43
(67, -42): 43
(99, -43): 46
(97, -43): 46
(99, -45): 46
(97, -45): 46
(95, -43): 46
(95, -45): 46
(93, -43): 46
(93, -45): 46
(91, -43): 46
(91, -45): 46
(89, -43): 46
(89, -45): 46
(87, -43): 46
(87, -45): 46
(85, -45): 46
(83, -45): 46
(81, -45): 46
(79, -45): 46
(77, -45): 46
(75, -45): 46
(73, -45): 46
(71, -45): 46
(69, -45): 46
(69, -43): 46
(71, -43): 46
(73, -43): 46
(75, -43): 46
(77, -43): 46
(79, -43): 46
(81, -43): 46
(83, -43): 46
(85, -43): 46
(67, -43): 46
(65, -43): 46
(65, -45): 46
(67, -45): 46
(64, -43): 45
(64, -45): 45
(66, -43): 45
(66, -45): 45
(68, -45): 45
(68, -43): 45
(70, -43): 45
(70, -45): 45
(72, -45): 45
(72, -43): 45
(74, -43): 45
(74, -45): 45
(76, -45): 45
(76, -43): 45
(78, -43): 45
(78, -45): 45
(80, -45): 45
(80, -43): 45
(82, -43): 45
(82, -45): 45
(84, -45): 45
(84, -43): 45
(86, -43): 45
(86, -45): 45
(88, -45): 45
(88, -43): 45
(90, -43): 45
(90, -45): 45
(92, -45): 45
(94, -45): 45
(96, -45): 45
(98, -45): 45
(98, -43): 45
(96, -43): 45
(94, -43): 45
(92, -43): 45
(99, -44): 43
(97, -44): 43
(95, -44): 43
(93, -44): 43
(91, -44): 43
(89, -44): 43
(87, -44): 43
(85, -44): 43
(83, -44): 43
(81, -44): 43
(79, -44): 43
(77, -44): 43
(75, -44): 43
(73, -44): 43
(71, -44): 43
(69, -44): 43
(67, -44): 43
(65, -44): 43
(65, -46): 43
(67, -46): 43
(69, -46): 43
(71, -46): 43
(73, -46): 43
(75, -46): 43
(77, -46): 43
(79, -46): 43
(81, -46): 43
(83, -46): 43
(85, -46): 43
(87, -46): 43
(89, -46): 43
(91, -46): 43
(93, -46): 43
(95, -46): 43
(97, -46): 43
(99, -46): 43
(98, -44): 42
(96, -44): 42
(94, -44): 42
(92, -44): 42
(90, -44): 42
(88, -44): 42
(86, -44): 42
(84, -44): 42
(80, -44): 42
(82, -44): 42
(78, -44): 42
(78, -46): 42
(80, -46): 42
(82, -46): 42
(84, -46): 42
(86, -46): 42
(88, -46): 42
(90, -46): 42
(92, -46): 42
(94, -46): 42
(96, -46): 42
(98, -46): 42
(64, -46): 42
(64, -44): 42
(66, -44): 42
(66, -46): 42
(68, -46): 42
(70, -44): 42
(70, -46): 42
(72, -46): 42
(72, -44): 42
(74, -44): 42
(74, -46): 42
(76, -46): 42
(76, -44): 42
(68, -44): 42
(59, 13): 46
(57, 13): 46
(55, 13): 46
(53, 13): 46
(55, 15): 46
(53, 15): 46
(59, 15): 46
(57, 15): 46
(58, 15): 45
(58, 13): 45
(56, 13): 45
(56, 15): 45
(54, 15): 45
(54, 13): 45
(52, 13): 45
(52, 15): 45
(52, 12): 42
(54, 12): 42
(56, 12): 42
(58, 12): 42
(58, 14): 42
(56, 14): 42
(54, 14): 42
(52, 14): 42
(53, 12): 43
(55, 12): 43
(57, 12): 43
(59, 12): 43
(59, 14): 43
(57, 14): 43
(55, 14): 43
(53, 14): 43
(92, 12): 42
(94, 12): 42
(96, 12): 42
(98, 12): 42
(98, 14): 42
(96, 14): 42
(94, 14): 42
(92, 14): 42
(99, 13): 46
(97, 13): 46
(95, 13): 46
(93, 13): 46
(93, 15): 46
(95, 15): 46
(97, 15): 46
(99, 15): 46
(99, 12): 43
(97, 12): 43
(95, 12): 43
(93, 12): 43
(93, 14): 43
(95, 14): 43
(97, 14): 43
(99, 14): 43
(98, 13): 45
(96, 13): 45
(94, 13): 45
(92, 13): 45
(92, 15): 45
(94, 15): 45
(96, 15): 45
(98, 15): 45
(59, 17): 46
(59, 19): 40
(57, 17): 46
(55, 17): 46
(53, 17): 46
(58, 17): 45
(56, 17): 45
(54, 17): 45
(52, 17): 45
(57, 19): 40
(55, 19): 40
(52, 19): 39
(54, 19): 39
(53, 19): 40
(58, 19): 39
(56, 19): 39
(59, 18): 37
(56, 18): 36
(57, 18): 37
(57, 16): 37
(59, 16): 37
(55, 16): 37
(52, 16): 36
(53, 16): 37
(53, 18): 37
(55, 18): 37
(58, 18): 36
(58, 16): 36
(56, 16): 36
(54, 18): 36
(54, 16): 36
(52, 18): 36
(60, 12): 38
(60, 14): 38
(60, 16): 38
(60, 18): 38
(91, 12): 35
(91, 14): 35
(91, 16): 35
(91, 18): 35
(99, 19): 40
(97, 19): 40
(95, 19): 40
(94, 19): 39
(93, 19): 40
(98, 19): 39
(96, 19): 39
(92, 19): 39
(92, 18): 36
(94, 18): 36
(96, 18): 36
(98, 18): 36
(98, 16): 36
(95, 16): 37
(96, 16): 36
(94, 16): 36
(92, 16): 36
(93, 16): 37
(97, 16): 37
(99, 16): 37
(99, 18): 37
(97, 18): 37
(95, 18): 37
(93, 18): 37
(92, 17): 45
(94, 17): 45
(96, 17): 45
(98, 17): 45
(99, 17): 46
(97, 17): 46
(95, 17): 46
(93, 17): 46
(79, -18): 32
(85, -38): 35
(38, -20): 31
(39, -20): 32
(40, -20): 31
(41, -20): 32
(37, -20): 32
(36, -20): 31
(-14, -13): 45
(-14, -11): 45
(-14, -9): 45
(-14, -7): 45
(-14, -5): 45
(-14, -3): 45
(-14, -1): 45
(-14, 1): 45
(-14, 3): 45
(-14, 5): 45
(-14, 7): 45
(-14, 9): 45
(-14, 11): 45
(-14, 13): 45
(-14, 15): 45
(-14, 17): 45
(-14, 19): 45
(-14, 21): 45
(-14, 23): 45
(-13, 23): 46
(-13, 21): 46
(-13, 19): 46
(-13, 17): 46
(-13, 15): 46
(-13, 13): 46
(-13, 11): 46
(-13, 9): 46
(-13, 7): 46
(-13, 5): 46
(-13, 3): 46
(-13, 2): 43
(-13, 0): 43
(-13, 1): 46
(-13, -1): 46
(-13, -2): 43
(-13, -3): 46
(-13, -4): 43
(-13, -5): 46
(-13, -6): 43
(-13, -7): 46
(-13, -8): 43
(-13, -9): 46
(-13, -10): 43
(-13, -11): 46
(-13, -12): 43
(-13, -13): 46
(-13, 4): 43
(-13, 6): 43
(-13, 8): 43
(-13, 10): 43
(-13, 12): 43
(-13, 14): 43
(-13, 16): 43
(-13, 18): 43
(-13, 20): 43
(-13, 22): 43
(-13, 24): 43
(-14, 24): 42
(-14, 22): 42
(-14, 20): 42
(-14, 18): 42
(-14, 16): 42
(-14, 14): 42
(-14, 12): 42
(-14, 10): 42
(-14, 8): 42
(-14, 6): 42
(-14, 4): 42
(-14, 2): 42
(-14, 0): 42
(-14, -2): 42
(-14, -4): 42
(-14, -6): 42
(-14, -8): 42
(-14, -10): 42
(-14, -12): 42
(37, -9): 46
(37, -7): 46
(37, -5): 46
(37, -3): 46
(37, -1): 46
(37, 1): 46
(37, 3): 46
(37, 5): 46
(37, 7): 46
(37, 9): 46
(37, 11): 46
(37, 13): 46
(37, 15): 46
(37, 17): 46
(37, 19): 46
(37, 21): 46
(37, 23): 46
(36, 23): 45
(36, 21): 45
(36, 19): 45
(36, 17): 45
(36, 15): 45
(36, 13): 45
(36, 11): 45
(36, 9): 45
(36, 7): 45
(36, 5): 45
(36, 3): 45
(36, 1): 45
(36, -1): 45
(36, -3): 45
(36, -5): 45
(36, -7): 45
(36, -9): 45
(37, -8): 43
(37, -6): 43
(37, -4): 43
(37, -2): 43
(37, 0): 43
(37, 2): 43
(37, 4): 43
(37, 6): 43
(37, 8): 43
(37, 10): 43
(37, 12): 43
(37, 14): 43
(37, 16): 43
(37, 18): 43
(37, 20): 43
(37, 22): 43
(37, 24): 43
(36, 24): 42
(36, 22): 42
(36, 20): 42
(36, 18): 42
(36, 16): 42
(36, 14): 42
(36, 12): 42
(36, 10): 42
(36, 8): 42
(36, 6): 42
(36, 4): 42
(36, 2): 42
(36, 0): 42
(36, -2): 42
(36, -4): 42
(36, -6): 42
(36, -8): 42
(-15, -13): 46
(-17, -13): 46
(-19, -13): 46
(-21, -13): 46
(-23, -13): 46
(-25, -13): 46
(-27, -13): 46
(-29, -13): 46
(-31, -13): 46
(-33, -13): 46
(-35, -13): 46
(-16, -13): 45
(-18, -13): 45
(-20, -13): 45
(-22, -13): 45
(-24, -13): 45
(-26, -13): 45
(-28, -13): 45
(-30, -13): 45
(-32, -13): 45
(-34, -13): 45
(-36, -13): 45
(-15, -12): 43
(-17, -12): 43
(-19, -12): 43
(-21, -12): 43
(-23, -12): 43
(-25, -12): 43
(-27, -12): 43
(-29, -12): 43
(-31, -12): 43
(-33, -12): 43
(-36, -12): 42
(-35, -12): 43
(-34, -12): 42
(-32, -12): 42
(-30, -12): 42
(-28, -12): 42
(-26, -12): 42
(-24, -12): 42
(-22, -12): 42
(-20, -12): 42
(-18, -12): 42
(-16, -12): 42
(-37, -12): 43
(-37, -14): 43
(-37, -16): 43
(-37, -18): 43
(-37, -20): 43
(-37, -22): 43
(-37, -24): 43
(-37, -26): 43
(-38, -12): 42
(-38, -14): 42
(-38, -16): 42
(-38, -18): 42
(-38, -20): 42
(-38, -22): 42
(-38, -24): 42
(-38, -26): 42
(-37, -13): 46
(-37, -15): 46
(-37, -17): 46
(-37, -19): 46
(-37, -21): 46
(-37, -23): 46
(-37, -25): 46
(-38, -13): 45
(-38, -15): 45
(-38, -17): 45
(-38, -19): 45
(-38, -21): 45
(-38, -23): 45
(-38, -25): 45
(-37, -27): 46
(-37, -29): 46
(-37, -31): 46
(-37, -33): 46
(-37, -35): 46
(-37, -37): 46
(-38, -27): 45
(-38, -29): 45
(-38, -31): 45
(-38, -33): 45
(-38, -35): 45
(-38, -37): 45
(-37, -28): 43
(-37, -30): 43
(-37, -32): 43
(-37, -34): 43
(-37, -36): 43
(-37, -38): 43
(-38, -28): 42
(-38, -30): 42
(-38, -32): 42
(-38, -34): 42
(-38, -36): 42
(-38, -38): 42
(-33, -39): 46
(-35, -39): 46
(-33, -41): 46
(-33, -43): 46
(-35, -43): 46
(-35, -41): 46
(-37, -39): 46
(-37, -41): 46
(-37, -43): 46
(-31, -43): 46
(-29, -43): 46
(-27, -43): 46
(-25, -43): 46
(-23, -43): 46
(-21, -43): 46
(-34, -39): 45
(-34, -41): 45
(-34, -43): 45
(-36, -43): 45
(-36, -41): 45
(-36, -39): 45
(-38, -39): 45
(-38, -41): 45
(-38, -43): 45
(-32, -43): 45
(-30, -43): 45
(-28, -43): 45
(-26, -43): 45
(-24, -43): 45
(-22, -43): 45
(-33, -40): 43
(-35, -40): 43
(-37, -40): 43
(-37, -42): 43
(-35, -42): 43
(-33, -42): 43
(-37, -44): 43
(-35, -44): 43
(-33, -44): 43
(-31, -44): 43
(-29, -44): 43
(-27, -44): 43
(-25, -44): 43
(-23, -44): 43
(-21, -44): 43
(-22, -44): 42
(-24, -44): 42
(-26, -44): 42
(-28, -44): 42
(-30, -44): 42
(-32, -44): 42
(-34, -44): 42
(-36, -44): 42
(-38, -44): 42
(-38, -42): 42
(-36, -42): 42
(-34, -42): 42
(-34, -40): 42
(-36, -40): 42
(-38, -40): 42
(-20, -43): 45
(-18, -43): 45
(-16, -43): 45
(-14, -43): 45
(-12, -43): 45
(-10, -43): 45
(-8, -43): 45
(-6, -43): 45
(-6, -41): 45
(-6, -39): 45
(-4, -39): 45
(-4, -41): 45
(-4, -43): 45
(-2, -39): 45
(-3, -39): 46
(-5, -39): 46
(-5, -41): 46
(-3, -41): 46
(-3, -43): 46
(-5, -43): 46
(-7, -43): 46
(-9, -43): 46
(-11, -43): 46
(-13, -43): 46
(-15, -43): 46
(-17, -43): 46
(-19, -43): 46
(-20, -44): 42
(-18, -44): 42
(-16, -44): 42
(-14, -44): 42
(-12, -44): 42
(-10, -44): 42
(-8, -44): 42
(-6, -44): 42
(-4, -44): 42
(-6, -42): 42
(-4, -42): 42
(-6, -40): 42
(-4, -40): 42
(-5, -40): 43
(-3, -40): 43
(-3, -42): 43
(-5, -42): 43
(-5, -44): 43
(-3, -44): 43
(-7, -44): 43
(-9, -44): 43
(-11, -44): 43
(-13, -44): 43
(-15, -44): 43
(-17, -44): 43
(-19, -44): 43
(-1, -40): 43
(1, -40): 43
(3, -40): 43
(5, -40): 43
(7, -40): 43
(9, -40): 43
(11, -40): 43
(13, -40): 43
(-2, -40): 42
(0, -40): 42
(2, -40): 42
(4, -40): 42
(6, -40): 42
(8, -40): 42
(10, -40): 42
(12, -40): 42
(14, -40): 42
(0, -39): 45
(2, -39): 45
(4, -39): 45
(6, -39): 45
(8, -39): 45
(10, -39): 45
(12, -39): 45
(14, -39): 45
(13, -39): 46
(11, -39): 46
(9, -39): 46
(7, -39): 46
(5, -39): 46
(3, -39): 46
(1, -39): 46
(-1, -39): 46
(15, -39): 46
(17, -39): 46
(19, -39): 46
(21, -39): 46
(23, -39): 46
(22, -39): 45
(20, -39): 45
(18, -39): 45
(16, -39): 45
(16, -40): 42
(18, -40): 42
(20, -40): 42
(22, -40): 42
(23, -40): 43
(21, -40): 43
(19, -40): 43
(17, -40): 43
(15, -40): 43
(50, -9): 45
(48, -9): 45
(45, -9): 46
(46, -9): 45
(44, -9): 45
(43, -9): 46
(42, -9): 45
(41, -9): 46
(40, -9): 45
(39, -9): 46
(38, -9): 45
(47, -9): 46
(49, -9): 46
(51, -9): 46
(51, -8): 43
(49, -8): 43
(47, -8): 43
(45, -8): 43
(43, -8): 43
(41, -8): 43
(40, -8): 42
(39, -8): 43
(38, -8): 42
(42, -8): 42
(44, -8): 42
(46, -8): 42
(48, -8): 42
(50, -8): 42
(24, -43): 45
(26, -43): 45
(28, -43): 45
(30, -43): 45
(32, -43): 45
(34, -43): 45
(36, -43): 45
(38, -43): 45
(40, -43): 45
(42, -43): 45
(44, -43): 45
(46, -43): 45
(48, -43): 45
(50, -43): 45
(52, -43): 45
(54, -43): 45
(56, -43): 45
(58, -43): 45
(60, -43): 45
(62, -43): 45
(63, -43): 46
(61, -43): 46
(59, -43): 46
(57, -43): 46
(55, -43): 46
(53, -43): 46
(51, -43): 46
(49, -43): 46
(47, -43): 46
(45, -43): 46
(43, -43): 46
(41, -43): 46
(39, -43): 46
(37, -43): 46
(35, -43): 46
(33, -43): 46
(31, -43): 46
(29, -43): 46
(27, -43): 46
(25, -43): 46
(24, -44): 42
(26, -44): 42
(29, -44): 43
(28, -44): 42
(30, -44): 42
(32, -44): 42
(34, -44): 42
(36, -44): 42
(38, -44): 42
(40, -44): 42
(42, -44): 42
(44, -44): 42
(43, -44): 43
(41, -44): 43
(39, -44): 43
(37, -44): 43
(35, -44): 43
(33, -44): 43
(31, -44): 43
(27, -44): 43
(25, -44): 43
(45, -44): 43
(47, -44): 43
(49, -44): 43
(51, -44): 43
(53, -44): 43
(55, -44): 43
(57, -44): 43
(59, -44): 43
(61, -44): 43
(63, -44): 43
(62, -44): 42
(60, -44): 42
(58, -44): 42
(56, -44): 42
(54, -44): 42
(52, -44): 42
(50, -44): 42
(48, -44): 42
(46, -44): 42
(64, -47): 45
(66, -47): 45
(68, -47): 45
(70, -47): 45
(72, -47): 45
(74, -47): 45
(76, -47): 45
(78, -47): 45
(80, -47): 45
(82, -47): 45
(84, -47): 45
(86, -47): 45
(88, -47): 45
(90, -47): 45
(91, -47): 46
(92, -47): 45
(93, -47): 46
(95, -47): 46
(96, -47): 45
(97, -47): 46
(98, -47): 45
(99, -47): 46
(94, -47): 45
(89, -47): 46
(87, -47): 46
(85, -47): 46
(83, -47): 46
(81, -47): 46
(79, -47): 46
(77, -47): 46
(75, -47): 46
(73, -47): 46
(71, -47): 46
(69, -47): 46
(67, -47): 46
(65, -47): 46
(64, -48): 42
(66, -48): 42
(68, -48): 42
(70, -48): 42
(72, -48): 42
(74, -48): 42
(76, -48): 42
(78, -48): 42
(80, -48): 42
(82, -48): 42
(83, -48): 43
(81, -48): 43
(79, -48): 43
(77, -48): 43
(75, -48): 43
(73, -48): 43
(71, -48): 43
(69, -48): 43
(67, -48): 43
(65, -48): 43
(85, -48): 43
(87, -48): 43
(89, -48): 43
(91, -48): 43
(93, -48): 43
(95, -48): 43
(96, -48): 42
(97, -48): 43
(98, -48): 42
(99, -48): 43
(94, -48): 42
(92, -48): 42
(90, -48): 42
(88, -48): 42
(86, -48): 42
(84, -48): 42
(100, -47): 45
(100, -45): 45
(100, -43): 45
(100, -41): 45
(100, -39): 45
(100, -37): 45
(102, -37): 45
(102, -39): 45
(102, -41): 45
(102, -43): 45
(102, -45): 45
(102, -47): 45
(104, -47): 45
(104, -45): 45
(104, -43): 45
(104, -41): 45
(104, -39): 45
(104, -37): 45
(100, -35): 45
(102, -35): 45
(104, -35): 45
(100, -33): 45
(102, -33): 45
(104, -33): 45
(100, -31): 45
(102, -31): 45
(104, -31): 45
(100, -29): 45
(102, -29): 45
(104, -29): 45
(104, -27): 45
(102, -27): 45
(100, -27): 45
(100, -25): 45
(102, -25): 45
(104, -25): 45
(104, -23): 45
(102, -23): 45
(100, -23): 45
(100, -21): 45
(102, -21): 45
(104, -21): 45
(100, -19): 45
(102, -19): 45
(104, -19): 45
(100, -17): 45
(102, -17): 45
(104, -17): 45
(100, -15): 45
(102, -15): 45
(104, -15): 45
(100, -13): 45
(102, -13): 45
(104, -13): 45
(100, -11): 45
(102, -11): 45
(104, -11): 45
(100, -9): 45
(102, -9): 45
(104, -9): 45
(104, -7): 45
(102, -7): 45
(100, -7): 45
(100, -5): 45
(102, -5): 45
(104, -5): 45
(104, -3): 45
(102, -3): 45
(100, -3): 45
(100, -1): 45
(102, -1): 45
(104, -1): 45
(101, -1): 46
(103, -1): 46
(105, -1): 46
(105, -3): 46
(105, -5): 46
(105, -7): 46
(105, -9): 46
(105, -11): 46
(105, -13): 46
(105, -15): 46
(105, -17): 46
(105, -19): 46
(105, -21): 46
(105, -23): 46
(105, -25): 46
(105, -27): 46
(105, -29): 46
(105, -31): 46
(105, -33): 46
(105, -35): 46
(105, -37): 46
(105, -39): 46
(105, -41): 46
(105, -43): 46
(103, -43): 46
(103, -41): 46
(103, -39): 46
(103, -37): 46
(103, -35): 46
(103, -33): 46
(103, -31): 46
(103, -29): 46
(101, -29): 46
(101, -31): 46
(101, -33): 46
(101, -35): 46
(101, -37): 46
(101, -39): 46
(101, -41): 46
(101, -43): 46
(101, -47): 46
(101, -45): 46
(103, -45): 46
(103, -47): 46
(105, -47): 46
(105, -45): 46
(101, -27): 46
(101, -25): 46
(101, -23): 46
(101, -21): 46
(101, -19): 46
(101, -17): 46
(101, -15): 46
(103, -15): 46
(103, -17): 46
(103, -19): 46
(103, -21): 46
(103, -23): 46
(103, -25): 46
(103, -27): 46
(103, -13): 46
(101, -13): 46
(101, -11): 46
(101, -9): 46
(101, -7): 46
(101, -5): 46
(101, -3): 46
(103, -3): 46
(103, -5): 46
(103, -7): 46
(103, -9): 46
(103, -11): 46
(105, 0): 43
(103, 0): 43
(101, 0): 43
(101, -2): 43
(103, -2): 43
(105, -2): 43
(105, -4): 43
(103, -4): 43
(101, -4): 43
(101, -6): 43
(103, -6): 43
(105, -6): 43
(105, -8): 43
(102, -8): 42
(103, -8): 43
(101, -8): 43
(101, -10): 43
(103, -10): 43
(105, -10): 43
(105, -12): 43
(103, -12): 43
(101, -12): 43
(101, -14): 43
(103, -14): 43
(105, -14): 43
(104, 0): 42
(102, 0): 42
(100, 0): 42
(100, -2): 42
(102, -2): 42
(104, -2): 42
(104, -4): 42
(102, -4): 42
(100, -4): 42
(100, -6): 42
(102, -6): 42
(104, -6): 42
(104, -8): 42
(100, -8): 42
(100, -10): 42
(102, -10): 42
(104, -10): 42
(104, -12): 42
(102, -12): 42
(100, -12): 42
(100, -14): 42
(102, -14): 42
(104, -14): 42
(100, -16): 42
(102, -16): 42
(104, -16): 42
(104, -18): 42
(102, -18): 42
(100, -18): 42
(100, -20): 42
(102, -20): 42
(104, -20): 42
(104, -22): 42
(102, -22): 42
(100, -22): 42
(100, -24): 42
(102, -24): 42
(104, -24): 42
(104, -26): 42
(102, -26): 42
(100, -26): 42
(100, -28): 42
(102, -28): 42
(104, -28): 42
(105, -16): 43
(103, -16): 43
(101, -16): 43
(101, -18): 43
(103, -18): 43
(105, -18): 43
(105, -20): 43
(103, -20): 43
(101, -20): 43
(101, -22): 43
(103, -22): 43
(105, -22): 43
(105, -24): 43
(103, -24): 43
(101, -24): 43
(101, -26): 43
(103, -26): 43
(105, -26): 43
(105, -28): 43
(103, -28): 43
(101, -28): 43
(101, -30): 43
(103, -30): 43
(105, -30): 43
(105, -32): 43
(103, -32): 43
(101, -32): 43
(101, -34): 43
(103, -34): 43
(105, -34): 43
(105, -36): 43
(103, -36): 43
(101, -36): 43
(101, -38): 43
(103, -38): 43
(105, -38): 43
(105, -40): 43
(103, -40): 43
(101, -40): 43
(101, -42): 43
(103, -42): 43
(105, -42): 43
(105, -44): 43
(103, -44): 43
(101, -44): 43
(104, -30): 42
(102, -30): 42
(100, -30): 42
(100, -32): 42
(102, -32): 42
(104, -32): 42
(104, -34): 42
(102, -34): 42
(100, -34): 42
(100, -36): 42
(102, -36): 42
(104, -36): 42
(104, -38): 42
(102, -38): 42
(100, -38): 42
(100, -40): 42
(102, -40): 42
(104, -40): 42
(104, -42): 42
(102, -42): 42
(100, -42): 42
(101, -48): 43
(101, -46): 43
(103, -46): 43
(103, -48): 43
(105, -48): 43
(105, -46): 43
(104, -44): 42
(104, -46): 42
(104, -48): 42
(102, -48): 42
(102, -46): 42
(102, -44): 42
(100, -44): 42
(100, -46): 42
(100, -48): 42
(-19, -35): 40
(-20, -34): 38
(-19, -34): 35
