(16, -10): 78
(16, -11): 78
(21, -10): 79
(21, -11): 79
(16, -12): 74
(21, -12): 76
(17, -12): 75
(18, -12): 75
(19, -12): 75
(20, -12): 75
(21, -9): 80
(20, -9): 81
(19, -9): 81
(18, -9): 81
(17, -9): 81
(16, -9): 77
(2, -9): 77
(2, -10): 78
(2, -11): 78
(2, -12): 74
(3, -9): 81
(4, -9): 81
(5, -9): 81
(6, -9): 81
(7, -9): 80
(7, -10): 79
(7, -11): 79
(3, -12): 75
(4, -12): 75
(5, -12): 75
(6, -12): 75
(7, -12): 76
(8, 18): 31
(10, 18): 31
(12, 18): 31
(14, 18): 31
(15, 18): 32
(13, 18): 32
(11, 18): 32
(9, 18): 32
(15, 9): 47
(9, -20): 73
(4, -20): 31
(-18, -22): 31
(-20, -24): 31
(-22, -26): 31
(15, -20): 32
(-9, -31): 32
(-10, -31): 31
(-8, -31): 31
(-7, -31): 32
(26, -20): 31
(36, -25): 173
(42, -18): 31
(51, -33): 73
(65, -34): 75
(64, -34): 75
(63, -34): 75
(62, -34): 75
(61, -34): 75
(60, -34): 75
(65, -33): 172
(74, -35): 78
(74, -36): 78
(74, -37): 78
(74, -38): 74
(66, -34): 175
(66, -22): 177
(75, -22): 176
(82, -22): 52
(75, -34): 49
(80, -34): 172
(75, -38): 75
(76, -38): 75
(77, -38): 75
(78, -38): 75
(79, -38): 75
(86, -34): 50
(66, -18): 31
(66, -4): 106
(67, -4): 107
(66, -3): 108
(67, -3): 109
(68, -2): 84
(68, -1): 87
(68, 0): 87
(68, 1): 87
(68, 2): 93
(69, -1): 106
(70, -1): 107
(69, 0): 108
(70, 0): 109
(66, -2): 83
(67, -2): 83
(65, -3): 87
(65, -4): 87
(65, -5): 87
(65, -6): 84
(60, -6): 83
(61, -6): 83
(62, -6): 83
(63, -6): 83
(64, -6): 83
(67, 2): 92
(66, 2): 92
(64, 2): 92
(63, 2): 92
(62, 2): 92
(61, 2): 92
(60, 2): 92
(64, -5): 86
(60, 1): 86
(61, 1): 86
(62, 1): 86
(63, 1): 86
(64, 1): 86
(65, 1): 86
(66, 1): 86
(67, 1): 86
(65, 2): 92
(67, -1): 86
(65, -2): 86
(80, 2): 108
(80, 0): 108
(81, 2): 109
(81, 0): 109
(80, -1): 106
(80, 1): 106
(81, 1): 107
(81, -1): 107
(82, -1): 108
(83, -1): 109
(82, -2): 106
(83, -2): 107
(82, 0): 82
(84, 0): 86
(83, 0): 83
(82, 1): 85
(82, 2): 91
(83, 2): 92
(84, 2): 92
(85, 2): 92
(86, 2): 92
(87, 2): 92
(88, 2): 92
(89, 2): 92
(84, -1): 88
(84, -2): 82
(85, -2): 83
(86, -2): 83
(87, -2): 83
(88, -2): 83
(89, -2): 83
(90, -2): 83
(91, -2): 83
(90, 2): 92
(91, 2): 92
(83, 1): 86
(84, 1): 86
(85, 1): 86
(86, 1): 86
(87, 1): 86
(88, 1): 86
(89, 1): 86
(90, 1): 86
(91, 1): 86
(85, -1): 86
(85, -10): 32
(83, -8): 32
(85, -34): 172
(79, -10): 73
(89, -20): 32
(2, 14): 31
(21, 14): 32
(53, -18): 32
(4, -1): 47
