(16, -21): 4
(17, -21): 4
(18, -21): 4
(19, -21): 4
(20, -21): 4
(21, -21): 4
(22, -21): 4
(23, -21): 4
(24, -21): 4
(25, -21): 4
(25, -22): 4
(25, -23): 4
(25, -24): 4
(24, -24): 4
(23, -24): 4
(22, -24): 4
(21, -24): 4
(20, -24): 4
(19, -24): 4
(18, -24): 4
(17, -24): 4
(16, -24): 4
(16, -23): 4
(16, -22): 4
(17, -22): 4
(18, -22): 4
(19, -22): 4
(20, -22): 4
(22, -22): 4
(23, -22): 4
(24, -22): 4
(24, -23): 4
(23, -23): 4
(22, -23): 4
(21, -23): 4
(20, -23): 4
(19, -23): 4
(18, -23): 4
(17, -23): 4
(21, -22): 4
(46, -34): 4
(38, -25): 4
(38, -26): 4
(38, -27): 4
(38, -28): 4
(38, -29): 4
(38, -30): 4
(38, -31): 4
(38, -32): 4
(38, -33): 4
(38, -34): 4
(39, -34): 4
(40, -34): 4
(41, -34): 4
(42, -34): 4
(43, -34): 4
(44, -34): 4
(45, -34): 4
(46, -33): 4
(46, -32): 4
(46, -31): 4
(46, -30): 4
(46, -29): 4
(46, -28): 4
(46, -27): 4
(45, -27): 4
(45, -26): 4
(46, -26): 4
(46, -25): 4
(45, -25): 4
(44, -25): 4
(43, -25): 4
(42, -25): 4
(41, -25): 4
(40, -25): 4
(39, -25): 4
(39, -26): 4
(39, -27): 4
(39, -29): 4
(40, -29): 4
(40, -30): 4
(40, -31): 4
(40, -32): 4
(39, -32): 4
(39, -33): 4
(40, -33): 4
(41, -33): 4
(42, -33): 4
(44, -33): 4
(45, -33): 4
(45, -32): 4
(45, -31): 4
(44, -31): 4
(43, -32): 4
(43, -33): 4
(39, -31): 4
(39, -30): 4
(39, -28): 4
(40, -26): 4
(41, -26): 4
(42, -26): 4
(43, -26): 4
(44, -26): 4
(44, -27): 4
(43, -27): 4
(42, -27): 4
(41, -27): 4
(40, -27): 4
(41, -28): 4
(42, -28): 4
(43, -28): 4
(44, -28): 4
(45, -28): 4
(44, -29): 4
(45, -29): 4
(45, -30): 4
(44, -32): 4
(43, -31): 4
(42, -31): 4
(42, -32): 4
(41, -32): 4
(41, -31): 4
(41, -30): 4
(41, -29): 4
(40, -28): 4
(42, -29): 4
(43, -29): 4
(43, -30): 4
(42, -30): 4
(44, -30): 4
(38, -19): 4
(39, -19): 4
(40, -19): 4
(41, -19): 4
(42, -19): 4
(43, -19): 4
(44, -19): 4
(45, -19): 4
(46, -19): 4
(53, -17): 4
(53, -18): 4
(53, -19): 4
(52, -19): 4
(51, -19): 4
(50, -19): 4
(49, -19): 4
(48, -19): 4
(47, -19): 4
(42, -17): 4
(42, -18): 4
(43, -18): 4
(43, -17): 4
(44, -17): 4
(45, -17): 4
(46, -17): 4
(47, -17): 4
(48, -17): 4
(49, -17): 4
(50, -17): 4
(51, -17): 4
(52, -17): 4
(52, -18): 4
(51, -18): 4
(50, -18): 4
(49, -18): 4
(48, -18): 4
(47, -18): 4
(46, -18): 4
(45, -18): 4
(44, -18): 4
