(64, -5): 84
(63, -5): 83
(62, -5): 83
(61, -5): 83
(64, -4): 87
(64, -3): 87
(64, -2): 87
(60, 1): 92
(61, 1): 92
(62, 1): 92
(63, 1): 92
(64, 1): 92
(65, 1): 92
(66, 1): 92
(67, 1): 93
(67, 0): 87
(67, -1): 84
(66, -1): 83
(65, -1): 83
(60, -4): 86
(61, -4): 86
(62, -4): 86
(63, -4): 86
(63, -3): 86
(63, -2): 86
(62, -2): 86
(61, -2): 86
(61, -3): 86
(60, -3): 86
(60, -2): 86
(62, -3): 86
(61, -1): 86
(60, -1): 86
(60, 0): 86
(61, 0): 86
(62, 0): 86
(63, 0): 86
(64, 0): 86
(65, 0): 86
(66, 0): 86
(63, -1): 86
(62, -1): 86
(64, -1): 86
(60, -5): 83
(85, -1): 82
(86, -1): 83
(87, -1): 83
(88, -1): 83
(89, -1): 83
(90, -1): 83
(91, -1): 83
(85, 0): 85
(85, 1): 91
(86, 1): 92
(87, 1): 92
(88, 1): 92
(89, 1): 92
(90, 1): 92
(91, 1): 92
(86, 0): 86
(87, 0): 86
(88, 0): 86
(89, 0): 86
(90, 0): 86
(91, 0): 86
