(2, 5): 1
(2, 4): 1
(2, 3): 1
(2, 2): 1
(3, 2): 1
(4, 2): 1
(5, 2): 1
(6, 2): 1
(7, 2): 1
(7, 3): 1
(8, 3): 1
(9, 3): 1
(10, 3): 1
(11, 3): 1
(12, 3): 1
(13, 3): 1
(13, 2): 1
(14, 2): 1
(14, 1): 1
(15, 1): 1
(16, 1): 1
(17, 1): 1
(17, 2): 1
(18, 2): 1
(18, 3): 1
(18, 4): 1
(18, 5): 1
(18, 6): 1
(17, 9): 1
(17, 10): 1
(16, 10): 1
(15, 10): 1
(14, 10): 1
(13, 10): 1
(12, 10): 1
(11, 10): 1
(9, 10): 1
(8, 10): 1
(7, 10): 1
(6, 10): 1
(5, 10): 1
(4, 10): 1
(3, 9): 1
(3, 10): 1
(16, 8): 1
(16, 7): 1
(17, 7): 1
(18, 7): 1
(17, 8): 1
(4, 7): 1
(3, 7): 1
(3, 8): 1
(4, 8): 1
(2, 6): 1
(2, 7): 1
(10, 10): 1
