(8, 9): 39
(8, 8): 39
(8, 7): 90
(9, 7): 91
(9, 9): 39
(10, 9): 39
(10, 8): 96
(10, 7): 92
(11, 7): 93
(12, 7): 94
(12, 8): 39
(13, 8): 39
(14, 8): 39
(14, 9): 39
(13, 9): 39
(12, 9): 39
(11, 9): 39
(9, 8): 95
(11, 8): 97
(7, 8): 39
(7, 7): 39
(9, 6): 86
(10, 6): 87
(11, 6): 88
(11, 5): 84
(12, 5): 39
(12, 6): 89
(10, 5): 83
(9, 5): 82
(8, 6): 85
(7, 6): 39
(6, 6): 101
(6, 5): 99
(7, 5): 39
(7, 4): 42
(6, 4): 39
(6, 7): 39
(6, 8): 39
(6, 9): 39
(7, 9): 39
(13, 7): 39
(13, 6): 39
(14, 6): 100
(14, 5): 98
(14, 7): 39
(14, 4): 43
(13, 4): 42
(12, 4): 42
(11, 4): 42
(10, 4): 42
(9, 4): 42
(8, 4): 42
(8, 5): 39
(13, 5): 39
(15, 9): 39
(15, 8): 39
(15, 7): 39
(15, 6): 101
(15, 5): 99
(15, 4): 39
(16, 4): 39
(16, 5): 39
(16, 6): 39
(16, 7): 39
(17, 7): 39
(17, 8): 39
(17, 9): 47
(16, 9): 39
(16, 8): 39
(17, 6): 39
(17, 5): 39
(17, 4): 39
(5, 9): 39
(4, 9): 39
(3, 9): 46
(3, 8): 40
(3, 7): 40
(3, 6): 40
(3, 5): 40
(3, 4): 40
(4, 4): 39
(5, 4): 39
(5, 5): 98
(5, 6): 100
(5, 7): 39
(5, 8): 39
(4, 8): 40
(4, 7): 39
(4, 6): 39
(4, 5): 39
(17, 3): 44
(16, 3): 39
(15, 3): 39
(12, 3): 39
(11, 3): 39
(10, 3): 39
(9, 3): 39
(8, 3): 39
(7, 3): 39
(6, 3): 39
(5, 3): 39
(3, 3): 40
(10, 2): 39
(11, 2): 39
(12, 2): 39
(13, 2): 39
(13, 3): 39
(14, 3): 41
(15, 2): 40
(16, 2): 40
(14, 2): 40
(9, 2): 39
(8, 2): 39
(7, 2): 39
(6, 2): 40
(5, 2): 40
(4, 2): 40
(17, 2): 114
(16, 1): 66
(15, 1): 66
(14, 1): 66
(4, 1): 66
(5, 1): 66
(6, 1): 66
(9, 1): 40
(10, 1): 40
(11, 1): 40
(12, 1): 40
(8, 1): 40
(8, 0): 66
(9, 0): 66
(10, 0): 66
(11, 0): 66
(12, 0): 66
(7, 1): 48
(13, 1): 49
(3, 2): 48
(4, 3): 45
