(13, 11): 1
(14, 11): 1
(15, 11): 1
(16, 11): 1
(17, 11): 1
(18, 11): 1
(19, 11): 1
(20, 11): 1
(22, 11): 1
(20, 10): 1
(21, 10): 1
(21, 11): 1
(23, 11): 1
(23, 10): 1
(23, 9): 1
(23, 8): 1
(23, 7): 1
(22, 8): 1
(21, 8): 1
(23, 6): 1
(23, 5): 1
(23, 4): 1
(22, 4): 1
(21, 4): 1
(23, 3): 1
(23, 2): 1
(22, 2): 1
(22, 1): 1
(21, 1): 1
(20, 1): 1
(20, 2): 1
(19, 2): 1
(18, 2): 1
(17, 2): 1
(17, 1): 1
(16, 1): 1
(15, 1): 1
(14, 1): 1
(14, 2): 1
(13, 2): 1
(13, 3): 1
(13, 4): 1
(12, 4): 1
(11, 4): 1
(9, 4): 1
(8, 4): 1
(7, 4): 1
(7, 5): 1
(7, 6): 1
(7, 7): 1
(7, 8): 1
(7, 9): 1
(7, 10): 1
(7, 11): 1
(8, 11): 1
(9, 11): 1
(9, 9): 1
(10, 9): 1
(11, 9): 1
(12, 11): 1
(7, 3): 1
(7, 2): 1
(7, 1): 1
(8, 1): 1
(9, 1): 1
(10, 1): 1
(11, 1): 1
(12, 1): 1
(13, 1): 1
(15, 4): 1
(16, 4): 1
(15, 8): 1
(16, 8): 1
(17, 10): 1
(18, 10): 1
(18, 8): 1
(19, 8): 1
(17, 6): 1
(18, 6): 1
(20, 6): 1
(21, 6): 1
(11, 10): 1
(10, 10): 1
(19, 4): 1
(18, 4): 1