(18, 10): 1
(19, 10): 1
(19, 9): 1
(19, 8): 1
(19, 7): 1
(19, 6): 1
(18, 6): 1
(18, 5): 1
(19, 5): 1
(19, 4): 1
(19, 3): 1
(18, 3): 1
(18, 2): 1
(17, 2): 1
(16, 2): 1
(15, 2): 1
(14, 2): 1
(14, 3): 1
(13, 3): 1
(12, 3): 1
(11, 3): 1
(10, 3): 1
(9, 3): 1
(9, 4): 1
(9, 5): 1
(9, 6): 1
(9, 7): 1
(8, 7): 1
(7, 7): 1
(6, 7): 1
(6, 8): 1
(6, 9): 1
(6, 10): 1
(7, 10): 1
(7, 11): 1
(8, 11): 1
(9, 11): 1
(10, 11): 1
(11, 11): 1
(12, 11): 1
(13, 11): 1
(14, 11): 1
(15, 11): 1
(16, 11): 1
(17, 11): 1
(18, 11): 1
(13, 6): 1
(12, 6): 1
(12, 5): 1
(13, 5): 1
(15, 6): 1
(15, 5): 1
(16, 5): 1
(16, 6): 1
(14, 8): 1
(14, 9): 1
(15, 9): 1
(15, 8): 1
