(7, 10): 6
(7, 9): 11
(7, 8): 1
(7, 7): 1
(7, 6): 1
(7, 5): 1
(7, 4): 16
(8, 3): 6
(9, 3): 6
(10, 3): 6
(11, 3): 6
(12, 3): 6
(13, 3): 6
(14, 3): 6
(15, 3): 6
(16, 3): 6
(17, 3): 6
(8, 4): 16
(9, 4): 16
(10, 4): 16
(11, 4): 16
(12, 4): 16
(13, 4): 16
(14, 4): 16
(15, 4): 16
(16, 4): 16
(17, 4): 16
(18, 4): 16
(8, 9): 11
(9, 9): 11
(10, 9): 11
(11, 9): 11
(12, 9): 11
(13, 9): 11
(14, 9): 11
(15, 9): 11
(16, 9): 11
(17, 9): 11
(18, 9): 11
(8, 10): 5
(9, 10): 5
(10, 10): 5
(11, 10): 5
(12, 10): 5
(13, 10): 5
(14, 10): 5
(15, 10): 5
(16, 10): 5
(17, 10): 5
(18, 10): 5
(8, 5): 0
(9, 5): 0
(9, 6): 0
(10, 6): 0
(11, 6): 0
(12, 6): 0
(13, 6): 0
(14, 6): 0
(14, 5): 0
(15, 5): 0
(16, 5): 0
(17, 5): 0
(18, 5): 0
(18, 6): 0
(18, 7): 0
(18, 8): 0
(17, 8): 0
(16, 8): 0
(15, 8): 0
(14, 8): 0
(13, 8): 0
(12, 8): 0
(11, 8): 0
(10, 8): 0
(9, 8): 0
(8, 8): 0
(8, 7): 0
(8, 6): 0
(10, 5): 0
(11, 5): 0
(12, 5): 0
(13, 5): 0
(11, 7): 0
(10, 7): 0
(9, 7): 0
(12, 7): 0
(13, 7): 0
(14, 7): 0
(15, 7): 0
(16, 7): 0
(17, 7): 0
(17, 6): 0
(16, 6): 0
(15, 6): 0
(8, 2): 8
(9, 2): 8
(10, 2): 8
(11, 2): 8
(12, 2): 8
(13, 2): 8
(14, 2): 8
(15, 2): 8
(16, 2): 8
(17, 2): 8
(7, 3): 6
(18, 3): 6
